    0.0175
    0.1908
    0.3584
    0.5150
    0.6561
    0.7771
    0.8746
    0.9455
    0.9877
    0.9998
    0.9816
    0.9336
    0.8572
    0.7547
    0.6293
    0.4848
    0.3256
    0.1564
   -0.0175
   -0.1908
   -0.3584
   -0.5150
   -0.6561
   -0.7771
   -0.8746
   -0.9455
   -0.9877
   -0.9998
   -0.9816
   -0.9336
   -0.8572
   -0.7547
   -0.6293
   -0.4848
   -0.3256
   -0.1564
    0.0175
    0.1908
    0.3584
    0.5150
    0.6561
    0.7771
    0.8746
    0.9455
    0.9877
    0.9998
    0.9816
    0.9336
    0.8572
    0.7547
    0.6293
    0.4848
    0.3256
    0.1564
   -0.0175
   -0.1908
   -0.3584
   -0.5150
   -0.6561
   -0.7771
   -0.8746
   -0.9455
   -0.9877
   -0.9998
   -0.9816
   -0.9336
   -0.8572
   -0.7547
   -0.6293
   -0.4848
   -0.3256
   -0.1564