-0.27335	0.015841
-0.39971	-0.1656
-0.50867	-0.20635
-0.48762	-0.16674
-0.16376	-0.044445
-0.52243	-0.58063
-0.62854	-0.26408
-0.46284	-0.26905
-0.28155	-0.15502
-0.49733	-0.2094
-0.81403	-0.13783
-0.454	-0.13108
-0.47162	-0.18499
-0.24909	-0.35965
-0.57355	-0.14364
-0.50972	-0.20928
-0.34533	-0.20697
-0.69568	0.12239
-0.4809	-0.41097
-0.64483	-0.28797
-0.49868	-0.11236
-0.51086	-0.12513
-0.6956	0.016927
-0.64428	-0.30998
-0.25348	-0.43171
-0.52409	-0.1088
-0.29847	-0.46842
-0.54101	-0.18883
-0.22577	-0.45689
-0.20241	-0.24734
-0.37495	-0.35003
-0.63562	-0.31068
-0.29751	0.080358
-0.1356	-0.34785
-0.5126	-0.24712
-0.52021	-0.20156
-0.43281	-0.1926
-0.80314	0.030774
-0.55423	0.0094218
-0.52947	-0.14183
-0.4777	-0.41703
-0.77267	-0.28891
-0.50194	-0.16388
-0.43562	-0.52881
-0.8028	-0.028126
-0.66182	-0.10583
-0.56744	0.1617
-0.49361	0.18024
-0.54727	-0.15349
-0.73813	-0.33091
-0.68301	-0.29555
-0.48926	-0.19281
-0.72686	-0.15307
-0.83012	-0.11804
-0.56613	-0.43978
-0.20339	-0.16671
-0.55342	-0.31473
-0.19329	-0.40979
-0.62842	0.13436
-0.21368	0.020208
-0.47352	-0.27665
-0.34969	-0.19517
-0.60001	-0.12894
-0.74354	-0.4745
-0.61441	-0.16188
-0.25344	-0.03712
-0.70458	-0.3141
-0.4167	-0.14613
-0.58396	-0.31601
-0.54541	-0.2227
-0.84774	-0.31476
-0.39878	-0.40101
-0.56862	-0.56781
-0.50694	-0.19263
-0.72724	-0.35219
-0.7123	-0.36036
-0.43182	-0.056716
-0.25786	-0.12868
-0.69326	-0.06683
-0.55896	0.12546
-0.42859	-0.20742
-0.52972	-0.41207
-0.49272	-0.20496
-0.20955	-0.33324
-0.85094	-0.38881
-0.23319	-0.20306
-0.654	-0.43268
-0.50809	-0.19892
-0.23251	-0.24346
-0.30106	-0.11125
-0.36152	-0.47088
-0.25151	-0.38308
-0.24854	-0.18289
-0.18146	-0.31552
-0.37517	-0.43075
-0.62569	-0.23674
-0.74004	-0.41912
-0.52755	-0.21439
-0.60023	0.055041
-0.3356	-0.22115
-0.55283	-0.06358
-0.48054	-0.21224
-0.10403	-0.19413
-0.26746	-0.44008
-0.18038	-0.42611
-0.69908	-0.21581
-0.50345	-0.2113
-0.50936	-0.10359
-0.66499	-0.054721
-0.66579	-0.24192
-0.45154	-0.2769
-0.23151	0.086589
-0.52933	-0.17005
-0.59039	-0.12055
-0.53062	-0.48156
-0.74324	-0.28975
-0.62542	-0.12784
-0.48989	-0.2014
-0.24142	-0.022211
-0.60207	-0.39631
-0.3925	-0.51179
-0.38209	-0.45158
-0.39807	-0.08931
-0.61643	-0.32664
-0.46665	0.0080754
-0.64796	-0.41916
-0.57712	-0.14021
-0.52276	0.013833
-0.66752	-0.23521
-0.44053	-0.47022
-0.3389	-0.20853
-0.83701	-0.033137
-0.48161	-0.21137
-0.52345	-0.26697
-0.35158	-0.33656
-0.27077	-0.16788
-0.30301	-0.34162
-0.69948	-0.32535
-0.63302	-0.24433
-0.36462	-0.5654
-0.60221	-0.26923
-0.50274	-0.15347
-0.35777	-0.32978
-0.66892	0.15341
-0.55745	0.033023
-0.71609	-0.13304
-0.76908	0.023078
-0.42171	-0.20333
-0.70495	-0.41919
-0.74547	-0.31989
-0.43449	-0.11639
-0.50153	-0.20076
-0.55669	-0.20781
-0.59928	0.0067038
-0.5053	0.12329
-0.47324	-0.22105
-0.27141	-0.52692
-0.72475	-0.062317
-0.22773	-0.36289
-0.59202	-0.26293
-0.52612	-0.24394
-0.73925	-0.088742
-0.3245	-0.37376
-0.49022	-0.24284
-0.82821	-0.27796
-0.33109	-0.44304
-0.60364	0.087671
-0.4645	-0.17089
-0.61971	-0.12141
-0.13192	-0.2237
-0.69507	-0.35648
-0.42329	-0.29354
-0.12901	-0.23447
-0.63651	-0.15448
-0.28465	0.099206
-0.5777	-0.53444
-0.49745	-0.19617
-0.63797	-0.0077313
-0.6108	-0.43733
-0.58332	-0.40778
-0.19123	-0.29591
-0.27094	-0.29417
-0.71964	-0.45474
-0.5054	0.10325
-0.68989	-0.099464
-0.4003	-0.19292
-0.36822	-0.028998
-0.50467	0.12874
-0.51432	-0.21131
-0.32202	-0.16901
-0.49212	-0.50308
-0.60796	-0.35714
-0.54051	-0.10313
-0.41979	-0.23521
-0.37528	-0.29215
-0.63688	-0.16177
-0.4942	-0.25042
-0.49889	-0.053424
-0.66863	-0.15961
-0.73787	-0.26568
-0.55829	-0.294
-0.4616	-0.19858
-0.87328	-0.30832
-0.22843	-0.11313
-0.28218	-0.24135
-0.7662	-0.090511
-0.72705	-0.28032
-0.40501	0.15228
-0.21396	-0.30946
-0.71015	-0.023823
-0.64043	-0.53855
-0.47191	-0.12874
-0.85163	-0.2109
-0.6319	-0.33976
-0.33612	-0.27157
-0.41532	0.016027
-0.51786	-0.43678
-0.26302	-0.4195
-0.48018	-0.089608
-0.504	0.058314
-0.53804	-0.041699
-0.38393	0.11634
-0.30147	-0.3626
-0.62049	-0.13902
-0.49614	0.080389
-0.44894	-0.35923
-0.33634	-0.2674
-0.49443	-0.19927
-0.2822	-0.29227
-0.40242	0.01116
-0.5313	-0.13427
-0.49925	-0.17096
-0.4686	0.092481
-0.78276	-0.45694
-0.75321	-0.13253
-0.17744	-0.39996
-0.31806	-0.042055
-0.45434	0.12981
-0.49045	-0.22285
-0.75423	0.022183
-0.44752	-0.28418
-0.37809	-0.54911
-0.7897	0.010933
-0.45382	-0.22563
-0.71335	-0.25406
-0.13916	-0.11975
-0.40281	-0.23724
-0.50027	-0.20149
-0.34962	-0.38405
-0.2507	0.046392
-0.5002	-0.20039
-0.50146	-0.20646
-0.39718	0.13001
-0.21838	-0.071563
-0.43551	0.050243
-0.5078	-0.18632
-0.62204	-0.10624
-0.53998	-0.071275
-0.86991	-0.18772
-0.5988	-0.12414
-0.52113	-0.24391
-0.44388	-0.32697
-0.65009	0.11675
-0.34719	-0.44273
-0.40911	-0.23581
-0.18156	-0.24513
-0.85693	-0.096996
-0.30076	-0.24913
-0.58917	-0.057257
-0.43019	-0.28914
-0.49104	-0.11939
-0.46129	0.14532
-0.51342	-0.27144
-0.10886	-0.13041
-0.59899	0.14871
-0.72431	-0.30928
-0.54093	-0.26032
-0.35049	-0.2734
-0.51266	-0.16203
-0.58993	-0.56324
-0.55283	-0.054274
-0.53516	-0.47221
-0.54485	-0.23251
-0.40878	-0.16131
-0.49823	-0.2195
-0.56399	-0.1339
-0.4607	-0.043991
-0.48209	-0.19318
-0.52309	-0.32617
-0.23578	-0.48728
-0.52481	-0.52616
-0.59212	-0.39786
-0.66436	-0.45549
-0.64639	-0.46614
-0.30412	-0.15307
-0.5672	-0.53567
-0.77198	0.048813
-0.60528	0.0065788
-0.47971	-0.13704
-0.56929	-0.10522
-0.38032	-0.26542
-0.43222	-0.14029
-0.41342	-0.094019
-0.70866	-0.1385
-0.81432	-0.26601
-0.2843	-0.45478
-0.41131	-0.32062
-0.52081	-0.085128
-0.18861	-0.048502
-0.33409	-0.11172
-0.66502	-0.1694
-0.50142	-0.44773
-0.25164	-0.16981
-0.26809	0.072143
-0.57882	-0.0055021
-0.78844	-0.18211
-0.3698	-0.043415
-0.47637	0.044099
-0.36892	-0.031158
-0.53311	-0.19487
-0.59018	-0.11439
-0.46727	-0.26893
-0.68796	-0.22565
-0.60118	-0.030841
-0.30887	-0.20348
-0.30574	-0.22545
-0.56284	-0.23183
-0.87189	-0.33039
-0.60618	-0.24427
-0.29162	-0.45131
-0.29312	-0.46162
-0.29817	-0.19509
-0.78276	-0.2332
-0.6539	-0.0022746
-0.32905	-0.080579
-0.4981	0.095911
-0.20267	-0.24331
-0.40974	-0.14803
-0.50813	-0.20076
-0.47145	-0.08785
-0.30003	0.090763
-0.83256	-0.36568
-0.63693	-0.37614
-0.49562	0.023494
-0.59933	-0.12888
-0.48137	-0.48486
-0.61101	-0.4265
-0.61805	-5.176e-05
-0.52837	-0.27472
-0.8893	-0.28607
-0.50096	-0.21037
-0.4721	-0.21187
-0.1608	-0.22445
-0.37356	-0.09669
-0.36046	0.0039782
-0.51722	0.13637
-0.65486	-0.38512
-0.52431	-0.25436
-0.19242	0.019058
-0.43109	-0.30905
-0.60334	-0.1879
-0.77366	-0.26599
-0.31136	0.0047178
-0.46654	-0.57002
-0.79823	0.01673
-0.50693	-0.19172
-0.25308	-0.31736
-0.22669	-0.23539
-0.29642	-0.47101
-0.15724	-0.00099726
-0.50219	-0.20916
-0.11946	-0.167
-0.39134	0.017307
-0.75346	-0.38308
-0.51804	-0.23049
-0.33562	-0.041861
-0.55383	0.086756
-0.53255	-0.15009
-0.50655	-0.16081
-0.49016	-0.10706
-0.67344	0.037379
-0.43117	-0.27547
-0.49462	-0.20201
-0.31477	-0.23002
-0.67031	0.047994
-0.79932	-0.30871
-0.38748	-0.12558
-0.52359	0.13131
-0.3205	-0.19823
-0.51889	-0.016893
-0.40513	-0.33163
-0.68033	-0.058706
-0.25845	-0.41585
-0.4893	-0.28142
-0.19407	-0.07562
-0.85436	-0.18768
-0.65704	-0.39976
-0.50469	0.1438
-0.57709	-0.53756
-0.55551	-0.40265
-0.50808	-0.074728
-0.23688	-0.044597
-0.39097	-0.11224
-0.59912	-0.28367
-0.54647	-0.39482
-0.54373	-0.41514
-0.38088	-0.53754
-0.2528	-0.048746
-0.26685	-0.21848
-0.51649	-0.13952
-0.48434	-0.18131
-0.19822	-0.33647
-0.62773	-0.51309
-0.61575	-0.56748
-0.46929	-0.1193
-0.30886	-0.50887
-0.40891	-0.20382
-0.5111	-0.19462
-0.77805	-0.19019
-0.49707	-0.20071
-0.47543	0.10329
-0.2586	-0.080351
-0.70929	0.096096
-0.75003	-0.22602
-0.56166	-0.25973
-0.67381	-0.28581
-0.53263	-0.22266
-0.2706	-0.3324
-0.32127	-0.2823
-0.58251	-0.16065
-0.29566	-0.48205
-0.28606	0.10941
-0.77535	-0.35935
-0.78277	-0.062135
-0.81979	-0.14265
-0.59178	-0.098008
-0.37274	-0.075571
-0.34139	-0.16601
-0.22807	-0.17427
-0.67638	-0.18455
-0.81619	-0.39881
-0.43818	-0.089761
-0.27104	-0.37322
-0.50072	-0.13809
-0.36605	-0.55506
-0.26194	-0.30593
-0.66999	0.067162
-0.6099	-0.36366
-0.71252	-0.43681
-0.57527	-0.25732
-0.87232	-0.30564
-0.48517	-0.23882
-0.49833	-0.249
-0.48746	-0.17364
-0.62867	-0.25878
-0.61358	-0.57059
-0.22032	-0.0091895
-0.51787	-0.0027001
-0.4878	-0.24164
-0.41367	-0.17331
-0.46998	-0.27
-0.2279	-0.20906
-0.19052	-0.27313
-0.45611	-0.085355
-0.24091	-0.13656
-0.47499	0.022206
-0.47208	-0.57094
-0.49225	-0.1909
-0.50471	-0.20905
-0.51063	-0.33168
-0.26603	-0.27285
-0.5173	0.083949
-0.53018	-0.3561
-0.48177	0.0069504
-0.50035	-0.20477
-0.17273	-0.090757
-0.25258	0.092927
-0.51903	-0.18942
-0.85012	-0.28128
-0.51302	0.15306
-0.85696	-0.13992
-0.48937	-0.24911
-0.44979	-0.02226
-0.75563	-0.46929
-0.62267	-0.31664
-0.58258	-0.29771
-0.42827	-0.45707
-0.4217	0.09606
-0.27922	-0.13846
-0.47892	-0.12078
-0.52793	-0.48275
-0.6024	-0.19665
-0.40642	-0.12198
-0.45556	-0.55434
-0.51113	-0.34975
-0.39439	-0.56253
-0.72341	-0.25989
-0.47862	-0.10389
-0.43937	-0.095695
-0.70066	-0.19549
-0.50057	-0.19974
-0.5213	-0.19255
-0.3987	-0.23323
-0.61433	-0.23098
-0.28792	-0.042583
-0.58923	-0.32411
-0.48452	-0.54671
-0.42129	-0.2814
-0.69997	-0.52271
-0.30515	-0.088536
-0.2053	-0.1144
-0.43547	-0.0016702
-0.34939	-0.43778
-0.25167	-0.1706
-0.67533	-0.22584
-0.33308	-0.35456
-0.58992	-0.14136
-0.1623	-0.16646
-0.57516	-0.4754
-0.42066	0.014953
-0.40844	-0.54829
-0.88124	-0.1345
-0.60088	-0.39127
-0.39427	-0.26018
-0.38728	-0.17977
-0.64126	-0.22131
-0.45411	-0.15096
-0.33208	-0.3366
-0.15635	-0.21424
-0.42545	-0.1446
-0.49248	-0.32562
-0.57769	-0.123
-0.64706	-0.31432
-0.49276	-0.069529
-0.23188	-0.18486
-0.45166	-0.17201
-0.30603	-0.50675
-0.563	-0.46401
-0.29093	0.072618
-0.61105	-0.55246
-0.50749	-0.2165
-0.20521	-0.11553
-0.50181	-0.31472
-0.50146	-0.20199
-0.85636	-0.11792
-0.11944	-0.17645
-0.38667	0.0029358
-0.5745	-0.0082133
-0.73568	-0.31847
-0.60671	-0.099448
-0.25099	-0.45781
-0.40937	-0.016361
-0.7062	-0.32964
-0.3793	-0.32971
-0.48113	0.15375
-0.362	-0.42766
-0.42461	-0.29473
-0.37489	-0.41286
-0.36525	-0.25004
-0.57095	-0.08601
-0.55771	-0.20491
-0.37807	-0.06799
-0.506	-0.20853
-0.81935	-0.033183
-0.23597	0.015846
-0.34263	-0.19839
-0.5667	-0.25419
-0.36589	-0.39523
-0.24655	-0.2553
-0.80098	-0.16605
-0.49488	-0.11585
-0.55752	-0.047546
-0.52451	-0.1364
-0.53816	-0.23138
-0.53181	-0.35817
-0.41099	-0.25823
-0.4842	-0.25969
-0.68602	-0.093515
-0.43209	-0.047598
-0.74458	0.084167
-0.27365	-0.038526
-0.31132	-0.43664
-0.49363	-0.039549
-0.44682	-0.29718
-0.46151	-0.18269
-0.52983	-0.21094
-0.51477	-0.17981
-0.56105	-0.38939
-0.54846	-0.51685
-0.62745	-0.34162
-0.72953	-0.2581
-0.14216	-0.07899
-0.61049	-0.40847
-0.46322	-0.32818
-0.74945	-0.43058
-0.28321	-0.047026
-0.45414	-0.20419
-0.30949	-0.29843
-0.4279	-0.16385
-0.47149	0.01006
-0.79931	-0.11254
-0.48577	-0.24344
-0.51316	-0.19881
-0.52144	-0.12287
-0.47727	-0.14704
-0.57224	-0.18162
-0.48847	-0.18721
-0.42505	-0.28489
-0.51589	-0.20843
-0.47711	0.074871
-0.36258	0.11812
-0.89248	-0.26326
-0.67642	-0.057149
-0.7299	-0.27804
-0.49953	-0.34371
-0.35095	-0.086253
-0.5006	-0.15021
-0.50738	-0.20361
-0.81453	-0.40424
-0.70405	-0.3286
-0.57533	-0.45627
-0.54416	-0.24731
-0.41783	-0.17981
-0.61333	-0.23939
-0.52842	-0.24298
-0.33362	-0.33676
-0.81313	-0.23314
-0.35909	-0.044845
-0.21685	-0.14306
-0.6353	-0.18831
-0.61938	-0.15855
-0.38707	-0.069988
-0.50398	-0.21398
-0.45129	0.10485
-0.49377	-0.22082
-0.49468	-0.19955
-0.6169	0.1529
-0.47006	0.028683
-0.80541	-0.0601
-0.80071	-0.10486
-0.84866	-0.019201
-0.49081	-0.21584
-0.13324	-0.2406
-0.64611	-0.15572
-0.78225	-0.070542
-0.47157	-0.22689
-0.64523	-0.41293
-0.44691	-0.10353
-0.51955	-0.22347
-0.50722	-0.21092
-0.50277	0.025037
-0.79515	-0.18742
-0.44734	-0.10417
-0.51411	-0.16366
-0.21423	-0.38197
-0.34067	-0.17367
-0.59961	-0.22609
-0.70321	-0.24496
-0.74601	-0.32648
-0.52476	-0.47235
-0.60358	-0.059119
-0.42879	-0.41462
-0.59821	-0.30197
-0.34409	-0.31125
-0.43856	-0.20721
-0.33909	-0.22181
-0.47715	-0.076183
-0.65647	-0.098861
-0.25996	-0.43267
-0.66211	-0.051973
-0.24997	-0.0064351
-0.68253	-0.031018
-0.37655	-0.52612
-0.51093	-0.072219
-0.48877	0.097704
-0.49475	-0.20433
-0.29889	-0.25204
-0.39055	-0.56636
-0.37995	-0.11228
-0.65087	-0.18854
-0.47034	-0.21758
-0.74681	-0.23728
-0.42725	-0.30849
-0.52274	-0.193
-0.17389	-0.021437
-0.52502	0.06293
-0.59658	-0.25033
-0.45051	-0.26334
-0.79023	-0.34591
-0.5036	0.091023
-0.51888	-0.23244
-0.24978	-0.10267
-0.47742	-0.27694
-0.81466	-0.31973
-0.80717	-0.28798
-0.74097	-0.48378
-0.61322	-0.25401
-0.48162	-0.37115
-0.33926	-0.038554
-0.43974	0.00042457
-0.51154	-0.1833
-0.4895	-0.21736
-0.85247	-0.12495
-0.56441	-0.099518
-0.69699	-0.21797
-0.27838	0.075687
-0.2703	-0.36728
-0.42844	-0.47513
-0.52898	0.082272
-0.53437	-0.25787
-0.58313	-0.21544
-0.77507	-0.30806
-0.62482	-0.072827
-0.59237	-0.2582
-0.42442	-0.087525
-0.22282	-0.19212
-0.62937	-0.42583
-0.54747	-0.32538
-0.22387	-0.11704
-0.30228	-0.15139
-0.433	-0.29961
-0.52994	-0.25941
-0.35628	-0.099555
-0.65977	-0.41802
-0.62507	-0.18259
-0.49944	-0.19816
-0.63187	-0.17666
-0.83842	-0.33337
-0.89898	-0.19333
-0.65275	-0.049455
-0.44405	-0.19609
-0.74886	-0.063771
-0.67256	-0.26685
-0.78341	-0.45545
-0.51314	-0.17276
-0.58539	-0.54943
-0.80172	-0.40103
-0.82828	-0.044392
-0.3371	-0.35483
-0.50403	-0.1971
-0.71674	-0.39564
-0.57479	-0.1948
-0.58521	-0.25215
-0.56943	0.049258
-0.41544	0.13424
-0.59687	-0.12608
-0.42152	-0.17444
-0.65344	-0.349
-0.3082	-0.11303
-0.5095	-0.18274
-0.4828	-0.21881
-0.41115	-0.060477
-0.44963	-0.38545
-0.49937	-0.20041
-0.35195	-0.38357
-0.6577	0.14658
-0.62063	0.023567
-0.71047	0.081116
-0.33699	-0.28869
-0.20853	0.038684
-0.30604	0.06052
-0.30722	-0.53533
-0.50107	-0.46266
-0.57563	-0.30383
-0.41862	-0.58844
-0.63783	-0.44639
-0.41256	-0.27286
-0.47996	-0.047944
-0.52705	-0.14649
-0.48271	-0.20791
-0.334	-0.14312
-0.70992	-0.24933
-0.52163	-0.20863
-0.60149	-0.14471
-0.64159	-0.32439
-0.51742	-0.48877
-0.56536	-0.1982
-0.46662	-0.28717
-0.46115	-0.19331
-0.1585	-0.35243
-0.44953	-0.19326
-0.55291	-0.1615
-0.45167	-0.26859
-0.21708	-0.10856
-0.34076	0.055739
-0.58527	-0.25317
-0.46478	-0.18802
-0.4115	-0.24929
-0.76878	-0.2599
-0.58167	-0.33051
-0.39784	-0.12507
-0.66504	-0.18353
-0.14399	-0.092672
-0.6481	-0.23712
-0.79369	-0.061518
-0.4659	-0.15513
-0.68808	-0.16536
-0.62857	-0.084539
-0.496	-0.15443
-0.51607	-0.16893
-0.26115	-0.066933
-0.704	-0.23263
-0.65563	-0.34434
-0.65054	-0.46003
-0.43562	0.13613
-0.87601	-0.2852
-0.67359	-0.24724
-0.48575	-0.47592
-0.69474	-0.16771
-0.74785	-0.39542
-0.88947	-0.28192
-0.60407	-0.075092
-0.41262	-0.37176
-0.48158	-0.24174
-0.50452	-0.23698
-0.23964	0.028678
-0.49143	-0.22559
-0.66537	-0.16838
-0.48034	-0.25851
-0.59963	-0.32279
-0.52168	-0.16514
-0.4861	-0.18292
-0.41755	-0.22868
-0.53552	-0.026632
-0.80627	-0.29577
-0.74601	-0.35396
-0.46095	-0.23414
-0.51721	-0.22668
-0.53399	-0.32946
-0.15774	-0.12358
-0.18658	-0.049242
-0.19029	-0.0017654
-0.43528	-0.54532
-0.51734	-0.020886
-0.55767	0.064114
-0.30137	-0.072663
-0.12711	-0.25988
-0.27155	-0.5225
-0.49494	-0.0098289
-0.59293	0.056667
-0.68622	-0.093252
-0.27077	-0.26575
-0.43107	0.070694
-0.56837	-0.24124
-0.52852	-0.24945
-0.49573	-0.20504
-0.41602	-0.16812
-0.8694	-0.17376
-0.65611	-0.19691
-0.45357	-0.38001
-0.62211	-0.36245
-0.6777	-0.27929
-0.46435	-0.33596
-0.24622	-0.26413
-0.71275	-0.052579
-0.73525	-0.12444
-0.49225	-0.46717
-0.50587	-0.19989
-0.21511	-0.0037204
-0.45059	-0.24623
-0.40834	-0.2925
-0.52999	-0.26188
-0.47622	-0.26611
-0.54313	-0.22876
-0.55963	-0.22622
-0.41589	-0.050402
-0.2803	-0.17322
-0.50339	-0.18165
-0.52639	-0.32696
-0.45973	0.19311
-0.78924	-0.43511
-0.44031	-0.53596
-0.49231	-0.26923
-0.67746	-0.0074696
-0.35585	0.14498
-0.71059	0.099565
-0.66062	-0.12875
-0.51349	0.0042266
-0.4454	-0.18097
-0.75632	-0.39233
-0.53423	-0.092694
-0.73635	-0.40101
-0.5134	-0.14461
-0.47811	-0.1826
-0.21484	-0.41413
-0.36768	-0.5072
-0.31358	-0.1452
-0.29832	0.037484
-0.35971	-0.353
-0.48963	-0.3424
-0.30336	-0.41075
-0.37695	-0.29885
-0.58079	-0.40696
-0.33342	-0.18927
-0.41582	-0.35647
-0.47096	-0.23163
-0.8877	-0.21874
-0.58933	-0.20781
-0.64425	-0.35017
-0.1492	-0.17895
-0.52062	-0.030403
-0.29419	-0.14306
-0.73844	-0.31154
-0.56134	-0.56459
-0.68215	-0.099908
-0.49451	-0.18208
-0.73382	-0.23612
-0.40662	-0.3206
-0.32975	-0.281
-0.19298	-0.016236
-0.53537	0.025581
-0.3837	-0.20168
-0.42914	-0.2619
-0.45404	-0.56183
-0.3685	-0.26337
-0.29663	-0.20749
-0.6917	-0.42311
-0.49238	-0.16969
-0.43171	-0.35722
-0.27666	-0.17708
-0.39734	-0.22866
-0.52322	-0.18843
-0.12524	-0.12792
-0.15374	-0.1899
-0.54861	-0.20101
-0.4296	-0.083672
-0.31974	-0.14858
-0.51872	-0.19398
-0.68409	0.15372
-0.4658	-0.16086
-0.83595	-0.27654
-0.50794	-0.20838
-0.40904	-0.41701
-0.12269	-0.18568
-0.26387	-0.33754
-0.36144	-0.26672
-0.35894	-0.51224
-0.75868	-0.22927
-0.56325	-0.1538
-0.56259	-0.10953
-0.77405	-0.27589
-0.85281	-0.0651
-0.58797	-0.3937
-0.30422	-0.2942
-0.47576	-0.16417
-0.21019	-0.096204
-0.40476	-0.10663
-0.30096	-0.025457
-0.48302	-0.18558
-0.1853	-0.055654
-0.56681	-0.114
-0.46896	-0.25474
-0.26749	-0.21067
-0.11841	-0.26262
-0.16677	-0.19327
-0.84835	-0.062233
-0.52556	-0.19777
-0.64876	-0.25688
-0.6189	0.069183
-0.50612	-0.16886
-0.48387	-0.13027
-0.55875	-0.58332
-0.49509	-0.069837
-0.5976	-0.21394
-0.35144	0.03399
-0.49097	-0.28674
-0.48866	-0.081649
-0.60925	-0.21285
-0.4418	-0.23883
-0.55226	-0.51355
-0.44053	-0.31192
-0.72578	-0.2447
-0.30686	-0.15698
-0.34802	-0.28712
-0.49885	-0.19676
-0.48868	0.038195
-0.30912	0.10851
-0.51481	0.1168
-0.6379	0.064354
-0.59651	-0.16684
-0.66736	0.13354
-0.65211	-0.36536
-0.63147	0.072822
-0.39185	-0.43244
-0.7128	-0.44207
-0.62569	0.11414
-0.27641	-0.26831
-0.32583	-0.14396
-0.80145	-0.45633
-0.81508	-0.27395
-0.72218	-0.25097
-0.61197	-0.15782
-0.47569	0.19545
-0.8097	-0.061146
-0.56738	-0.11743
-0.54313	-0.24566
-0.61843	-0.24171
-0.73484	0.041603
-0.49722	-0.43771
-0.43401	-0.3122
0.72137	0.46278
0.58652	0.48257
0.35518	0.33996
0.59077	0.35415
0.79365	0.35506
0.71599	0.35005
0.4087	0.44599
0.58565	0.50502
0.32082	0.57224
0.60933	0.86599
0.59302	0.31374
0.51445	0.49194
0.6826	0.51683
0.53313	0.47732
0.62918	0.46643
0.54778	0.4629
0.69065	0.32996
0.51411	0.17321
0.6403	0.53713
0.32217	0.46948
0.59275	0.49471
0.59672	0.46847
0.34938	0.35465
0.32333	0.32897
0.76092	0.7749
0.66354	0.64888
0.59566	0.48901
0.69444	0.46593
0.37786	0.33652
0.80227	0.50715
0.37762	0.81712
0.75258	0.63026
0.55201	0.48943
0.60461	0.51665
0.5922	0.65631
0.59655	0.44478
0.40882	0.16575
0.73404	0.47626
0.37652	0.79138
0.73051	0.38313
0.50662	0.41381
0.6956	0.20342
0.55079	0.30381
0.66574	0.66392
0.61925	0.51904
0.67323	0.11456
0.6099	0.37637
0.5907	0.47152
0.7167	0.39454
0.98593	0.40385
0.46625	0.2591
0.60161	0.40175
0.50215	0.69026
0.63005	0.4839
0.66116	0.50563
0.40051	0.513
0.63537	0.48739
0.5983	0.51556
0.67364	0.8821
0.4649	0.15425
0.5782	0.49561
0.49903	0.71851
0.62744	0.49016
0.48127	0.76296
0.59174	0.58156
0.63365	0.55327
0.81063	0.62394
0.6955	0.82843
0.67574	0.18326
0.63575	0.20026
0.81272	0.6275
0.61273	0.49845
0.45159	0.41617
0.60587	0.81446
0.60643	0.50863
0.61891	0.53655
0.97999	0.54129
0.80384	0.27235
0.91576	0.69372
0.83556	0.37741
0.88879	0.6918
0.567	0.28278
0.72883	0.82564
0.63366	0.59124
0.57351	0.48791
0.32673	0.48189
0.92228	0.72547
0.4412	0.18276
0.23294	0.45369
0.58252	0.60149
0.84372	0.78463
0.64574	0.41166
0.76903	0.41454
0.67687	0.51811
0.70888	0.61736
0.60474	0.65143
0.39983	0.73607
0.88652	0.69723
0.56696	0.50375
0.45258	0.39662
0.29136	0.6964
0.89494	0.47722
0.54489	0.52157
0.55266	0.55157
0.69118	0.23589
0.52392	0.77042
0.52613	0.57467
0.61051	0.42016
0.36143	0.22977
0.67654	0.66163
0.29524	0.69884
0.5874	0.4461
0.60396	0.50227
0.60553	0.48603
0.74609	0.83401
0.79707	0.70018
0.41433	0.82617
0.51629	0.27077
0.60502	0.41357
0.68855	0.63152
0.61226	0.20834
0.40338	0.49792
0.72795	0.42217
0.7481	0.19969
0.69117	0.54762
0.55562	0.51214
0.90723	0.31482
0.70453	0.51148
0.67968	0.82171
0.82978	0.50259
0.40272	0.56554
0.63847	0.37772
0.51737	0.55049
0.63618	0.58721
0.71251	0.87145
0.55383	0.62325
0.48437	0.36909
0.6844	0.58334
0.27145	0.34099
0.62148	0.52611
0.58903	0.47893
0.60052	0.46035
0.55927	0.41595
0.39389	0.22968
0.64084	0.48183
0.56577	0.60576
0.43566	0.38399
0.62057	0.47995
0.25456	0.39027
0.55092	0.70015
0.5055	0.13753
0.45848	0.38642
0.84389	0.5144
0.85422	0.75166
0.486	0.71233
0.52471	0.16445
0.57517	0.4585
0.8077	0.43444
0.60679	0.83579
0.8013	0.83603
0.43444	0.41847
0.43421	0.56377
0.48389	0.12881
0.5051	0.60231
0.41837	0.7455
0.3502	0.55937
0.37441	0.80106
0.5888	0.81737
0.52736	0.57012
0.87746	0.47759
0.51832	0.36353
0.35395	0.47452
0.29168	0.6802
0.71338	0.64098
0.78844	0.60093
0.78219	0.37128
0.54557	0.38306
0.60832	0.28796
0.22346	0.58662
0.49674	0.45369
0.22138	0.40402
0.56935	0.3523
0.36162	0.41175
0.72155	0.8362
0.3499	0.28609
0.64445	0.49164
0.56692	0.11711
0.60042	0.50478
0.57164	0.55186
0.44241	0.60887
0.68609	0.44746
0.54932	0.55506
0.7237	0.74981
0.62761	0.70183
0.55083	0.45084
0.81309	0.39023
0.68149	0.25242
0.62177	0.50988
0.68591	0.72784
0.91424	0.54603
0.35991	0.80828
0.69045	0.45763
0.43331	0.855
0.40954	0.48775
0.5679	0.52731
0.51386	0.15387
0.761	0.25485
0.54261	0.40317
0.7176	0.63194
0.7054	0.61013
0.60255	0.50112
0.78525	0.68295
0.405	0.57484
0.65393	0.50781
0.38249	0.66986
0.63563	0.52333
0.25953	0.48395
0.67938	0.7705
0.47491	0.74039
0.60927	0.46145
0.51316	0.40581
0.89813	0.37286
0.86519	0.4426
0.58738	0.57478
0.6244	0.62772
0.71298	0.5178
0.72857	0.54234
0.24429	0.51733
0.54701	0.56004
0.55051	0.65454
0.56593	0.54761
0.66691	0.29877
0.54609	0.19131
0.58155	0.82736
0.7004	0.66881
0.47536	0.47437
0.45603	0.27602
0.66746	0.70414
0.61402	0.40663
0.5579	0.35156
0.63971	0.76994
0.60395	0.33
0.63632	0.57386
0.58823	0.27519
0.52406	0.60667
0.58473	0.21287
0.46164	0.65905
0.67055	0.17354
0.4859	0.82184
0.55201	0.5401
0.35295	0.55109
0.83963	0.38549
0.35267	0.51136
0.46342	0.50122
0.70421	0.34672
0.60136	0.48944
0.35368	0.54085
0.31287	0.5168
0.62723	0.56876
0.59933	0.50002
0.69973	0.8376
0.34664	0.41364
0.52209	0.34345
0.46961	0.72518
0.62274	0.52678
0.34621	0.5609
0.52359	0.74958
0.71028	0.55411
0.64725	0.17776
0.62897	0.68973
0.99814	0.46333
0.82192	0.81149
0.54412	0.54208
0.40168	0.33502
0.53868	0.45458
0.76255	0.31305
0.44205	0.78729
0.50984	0.44222
0.35254	0.44078
0.60028	0.49419
0.62922	0.46504
0.76548	0.32035
0.6219	0.51794
0.85246	0.33697
0.99168	0.42782
0.74715	0.56024
0.34056	0.4767
0.85177	0.80327
0.71754	0.36844
0.5864	0.47882
0.94047	0.62216
0.6446	0.50869
0.47525	0.1873
0.74976	0.17483
0.41953	0.78629
0.60867	0.19749
0.36354	0.31078
0.53261	0.21503
0.39769	0.1844
0.66444	0.52725
0.52949	0.12613
0.48243	0.55293
0.51758	0.45808
0.47749	0.38353
0.53004	0.54952
0.60279	0.62597
0.54208	0.48551
0.31835	0.64157
0.4583	0.61808
0.4023	0.1903
0.86048	0.60615
0.57152	0.28996
0.67061	0.45209
0.287	0.4761
0.59953	0.74449
0.55803	0.46262
0.48453	0.34958
0.69125	0.60689
0.62652	0.49788
0.64506	0.43519
0.33376	0.36562
0.42103	0.61767
0.49274	0.29288
0.39613	0.29475
0.63198	0.49807
0.77202	0.28842
0.45926	0.41602
0.80307	0.33872
0.81644	0.60534
0.59377	0.26499
0.88281	0.61417
0.67742	0.29015
0.75217	0.4438
0.70809	0.5383
0.54453	0.19941
0.93827	0.34455
0.53835	0.53429
0.47161	0.65522
0.59757	0.47534
0.50625	0.55469
0.64324	0.77329
0.60965	0.49482
0.37855	0.56122
0.52262	0.33764
0.86121	0.75322
0.45826	0.41866
0.56153	0.75611
0.26198	0.4185
0.62904	0.47203
0.55697	0.74921
0.36321	0.74971
0.90141	0.49697
0.68122	0.41648
0.39317	0.71058
0.53878	0.27155
0.60267	0.50897
0.75148	0.44349
0.30405	0.62583
0.86508	0.20612
0.46264	0.34578
0.53712	0.54211
0.67725	0.31399
0.58242	0.60626
0.77861	0.6877
0.56165	0.47788
0.69932	0.37833
0.50021	0.53548
0.73299	0.39925
0.49433	0.67357
0.32118	0.64759
0.83168	0.63355
0.71466	0.86444
0.22395	0.51562
0.55573	0.51728
0.42179	0.25245
0.50304	0.49208
0.71608	0.76334
0.71407	0.74216
0.41905	0.43193
0.57634	0.17948
0.49683	0.7122
0.56746	0.86718
0.59886	0.49969
0.6092	0.61651
0.55161	0.45792
0.37012	0.48941
0.47193	0.4546
0.46415	0.18718
0.70362	0.80455
0.65953	0.65912
0.59466	0.43109
0.93042	0.59639
0.44748	0.29529
0.68259	0.4503
0.87986	0.49226
0.4107	0.4963
0.41629	0.69107
0.66547	0.37798
0.52929	0.64581
0.61915	0.43374
0.34166	0.76335
0.57143	0.51441
0.62059	0.46347
0.45082	0.27914
0.36923	0.56196
0.51361	0.40187
0.67424	0.52722
0.6368	0.51146
0.59628	0.50827
0.72023	0.42707
0.29407	0.61455
0.93777	0.29424
0.63036	0.353
0.89013	0.61934
0.3783	0.53217
0.89616	0.5256
0.57414	0.51264
0.50127	0.43493
0.39354	0.44159
0.80967	0.55439
0.42447	0.65686
0.63382	0.68155
0.63325	0.32837
0.60253	0.6459
0.50755	0.44089
0.94588	0.34706
0.52549	0.37298
0.83966	0.59001
0.47193	0.71538
0.66176	0.66897
0.59917	0.52785
0.57907	0.49699
0.32643	0.64078
0.84865	0.76474
0.58785	0.49616
0.79726	0.75244
0.37377	0.5889
0.79347	0.59793
0.71315	0.52181
0.59551	0.49622
0.7124	0.54514
0.62978	0.69272
0.42696	0.24656
0.52032	0.20458
0.57152	0.65198
0.74832	0.61819
0.54635	0.43722
0.83334	0.331
0.69771	0.40438
0.79178	0.61231
0.60566	0.41332
0.6129	0.48265
0.62976	0.22907
0.25263	0.37823
0.47024	0.60692
0.79073	0.48627
0.63587	0.68547
0.83867	0.5067
0.55645	0.50621
0.61926	0.48028
0.73568	0.82246
0.39756	0.23244
0.66608	0.49656
0.63204	0.81842
0.38171	0.46696
0.5839	0.62519
0.65309	0.43568
0.5928	0.4886
0.35571	0.64257
0.52794	0.78593
0.59046	0.41414
0.65157	0.24823
0.67462	0.58197
0.73811	0.17104
0.49458	0.68785
0.2862	0.65379
0.63092	0.45646
0.61906	0.32826
0.67293	0.35592
0.60112	0.50384
0.57577	0.37849
0.28269	0.72326
0.59165	0.33288
0.67345	0.87227
0.78828	0.53486
0.64853	0.18427
0.53294	0.53303
0.39994	0.6997
0.65495	0.4696
0.3618	0.49246
0.47736	0.58314
0.77357	0.19886
0.5897	0.52383
0.38547	0.50571
0.38222	0.62645
0.8017	0.52802
0.74806	0.30075
0.67365	0.48938
0.63928	0.51148
0.55344	0.22473
0.40442	0.49139
0.62187	0.5914
0.81733	0.33242
0.36297	0.46553
0.64321	0.77457
0.58135	0.5053
0.46292	0.52352
0.52216	0.68937
0.40158	0.52345
0.63966	0.49838
0.64411	0.19772
0.75402	0.4988
0.60411	0.49925
0.6685	0.49049
0.89151	0.61771
0.68639	0.54264
0.5624	0.83441
0.59609	0.50016
0.75277	0.36158
0.58054	0.52894
0.78389	0.78474
0.69452	0.69387
0.51954	0.60444
0.46848	0.41933
0.8116	0.51986
0.61689	0.67946
0.86167	0.80116
0.72499	0.52586
0.73383	0.25448
0.62372	0.4896
0.68146	0.68748
0.33444	0.74279
0.4321	0.30327
0.38904	0.43378
0.60044	0.60795
0.58989	0.50035
0.58762	0.49886
0.60351	0.4795
0.38312	0.83174
0.87173	0.47004
0.5825	0.34571
0.60537	0.504
0.58428	0.48472
0.77023	0.15193
0.66867	0.56364
0.37735	0.53985
0.5446	0.28583
0.93018	0.42215
0.61055	0.71559
0.42201	0.58669
0.59606	0.49211
0.48935	0.81472
0.3344	0.67605
0.82596	0.55493
0.90116	0.32073
0.66475	0.66219
0.60865	0.78766
0.89527	0.70938
0.59717	0.81674
0.54437	0.51144
0.47803	0.80023
0.61392	0.5077
0.48731	0.84364
0.71296	0.14303
0.6249	0.6568
0.755	0.43022
0.87179	0.49433
0.73492	0.76461
0.53734	0.47695
0.64861	0.56145
0.62955	0.4919
0.39368	0.4256
0.45478	0.49991
0.47242	0.28401
0.46576	0.40151
0.64811	0.12805
0.6644	0.56701
0.3507	0.40454
0.44234	0.66883
0.6228	0.45287
0.94105	0.62092
0.44822	0.28736
0.71789	0.37587
0.70629	0.60154
0.61402	0.46304
0.81196	0.59364
0.8397	0.56666
0.74697	0.66936
0.62886	0.17527
0.8091	0.7867
0.54014	0.54097
0.71845	0.48832
0.27104	0.60651
0.41518	0.83402
0.80478	0.65264
0.61069	0.40552
0.629	0.47877
0.80891	0.79099
0.27106	0.31878
0.63193	0.51676
0.43817	0.39558
0.34122	0.674
0.64916	0.59753
0.55856	0.55784
0.40273	0.66554
0.80708	0.73024
0.4928	0.72185
0.62017	0.80576
0.58011	0.44406
0.69879	0.43684
0.91996	0.6351
0.61043	0.59321
0.6995	0.61999
0.59109	0.51165
0.50735	0.53119
0.5861	0.49293
0.49421	0.23178
0.74432	0.13059
0.44759	0.66773
0.71721	0.41001
0.72612	0.62224
0.69944	0.59385
0.58658	0.48884
0.55569	0.7079
0.60963	0.54799
0.59996	0.49874
0.88076	0.62518
0.77106	0.43866
0.87211	0.21063
0.67394	0.86215
0.93065	0.40281
0.49309	0.57755
0.42916	0.83105
0.41907	0.58539
0.61052	0.6824
0.65457	0.33674
0.63828	0.37165
0.78803	0.29984
0.56166	0.66878
0.24536	0.46543
0.37773	0.51656
0.79306	0.50804
0.45624	0.24075
0.67656	0.4985
0.33154	0.44881
0.41851	0.64605
0.40046	0.71487
0.48347	0.21164
0.46682	0.41337
0.50431	0.134
0.44139	0.49258
0.45704	0.69179
0.79108	0.18949
0.53544	0.49332
0.56106	0.58724
0.62963	0.48566
0.61048	0.43668
0.57875	0.60451
0.83127	0.63008
0.8441	0.25104
0.55003	0.43615
0.5182	0.25138
0.41802	0.40528
0.80359	0.68806
0.92981	0.45459
0.69367	0.44006
0.60376	0.31589
0.59743	0.40524
0.59297	0.4769
0.32722	0.60564
0.34218	0.5564
0.51033	0.85584
0.70006	0.81022
0.86565	0.40867
0.58355	0.82181
0.66093	0.68807
0.59573	0.3015
0.53939	0.54239
0.64776	0.52692
0.96034	0.65458
0.52835	0.62641
0.89875	0.30343
0.38989	0.45921
0.71341	0.17623
0.87481	0.5538
0.64166	0.31558
0.69779	0.39867
0.70075	0.58928
0.48098	0.56849
0.40272	0.40918
0.42209	0.70918
0.61012	0.43016
0.59931	0.49851
0.68947	0.3935
0.58953	0.41112
0.63019	0.44898
0.465	0.66905
0.31542	0.7254
0.36613	0.31806
0.46424	0.62139
0.41753	0.50602
0.4404	0.43557
0.64089	0.5624
0.64202	0.56156
0.50507	0.46988
0.46402	0.13681
0.66781	0.48121
0.28014	0.46695
0.79264	0.36377
0.52671	0.83229
0.59393	0.48275
0.94917	0.32459
0.50663	0.39522
0.59004	0.62149
0.3398	0.37454
0.58417	0.42155
0.52433	0.56283
0.74549	0.30118
0.30046	0.24249
0.75233	0.27409
0.48024	0.18121
0.78083	0.58535
0.58704	0.50424
0.28618	0.61543
0.7449	0.20111
0.799	0.40993
0.29243	0.29436
0.37973	0.82776
0.6107	0.40138
0.89816	0.44871
0.77898	0.61107
0.52776	0.70279
0.66731	0.38292
0.58007	0.52305
0.5989	0.48145
0.72972	0.2242
0.39404	0.37182
0.54076	0.54782
0.57043	0.52662
0.71663	0.21165
0.47845	0.20067
0.90891	0.4629
0.83321	0.28444
0.80402	0.59284
0.55001	0.35591
0.57721	0.48508
0.53581	0.23591
0.53689	0.22773
0.42491	0.54818
0.74933	0.18859
0.71269	0.71393
0.68785	0.25237
0.73097	0.44264
0.20969	0.47358
0.47495	0.25454
0.49823	0.4912
0.47992	0.33685
0.68286	0.44246
0.57371	0.51771
0.94385	0.39969
0.60765	0.48978
0.81072	0.80962
0.67519	0.35035
0.62626	0.47943
0.45063	0.47965
0.67251	0.1903
0.62629	0.51813
0.49565	0.46064
0.77769	0.257
0.23599	0.63457
0.74288	0.74539
0.62348	0.51886
0.35546	0.35476
0.4874	0.78053
0.49238	0.46258
0.28851	0.70981
0.6115	0.36954
0.89585	0.61536
0.38735	0.4348
0.88419	0.76324
0.49221	0.60956
0.57173	0.53809
0.32527	0.50067
0.76607	0.6643
0.36102	0.32642
0.68506	0.49177
0.80624	0.34865
0.92811	0.70231
0.35651	0.53536
0.62193	0.48632
0.75904	0.53958
0.63582	0.50285
0.59759	0.49207
0.63407	0.54377
0.37939	0.4293
0.63079	0.50186
0.73401	0.4013
0.81577	0.23611
0.68396	0.59471
0.59853	0.50611
0.92429	0.27847
0.56634	0.43904
0.47941	0.40459
0.3343	0.59959
0.66775	0.77778
0.66766	0.6246
0.55059	0.56175
0.93171	0.52849
0.60783	0.4386
0.32361	0.44974
0.65004	0.84559
0.54566	0.38854
0.60016	0.706
0.55975	0.66568
0.49064	0.30344
0.63744	0.25849
0.32433	0.57061
0.58447	0.6429
0.68441	0.59124
0.63941	0.59748
0.78291	0.62205
0.68452	0.53738
0.50732	0.50616
0.31191	0.27576
0.74566	0.59936
0.5777	0.3467
0.47932	0.52384
0.57328	0.46047
0.79713	0.62727
0.52688	0.70294
0.81606	0.56998
0.8181	0.7845
0.75054	0.66796
0.69098	0.33774
0.74769	0.59575
0.33792	0.33018
0.52052	0.46263
0.45575	0.41956
0.8231	0.23408
0.36515	0.42732
0.79012	0.55092
0.45072	0.81256
0.90302	0.37824
0.58351	0.41322
0.58604	0.49895
0.38131	0.33613
0.60901	0.5071
0.49113	0.55847
0.47369	0.48673
0.61588	0.47048
0.51438	0.55613
0.47266	0.5481
0.57033	0.49042
0.30632	0.76691
0.81585	0.70599
0.72155	0.25086
0.82524	0.36172
0.60851	0.49196
0.33376	0.66987
0.44141	0.44422
0.32938	0.27284
0.33975	0.40372
0.61985	0.58185
0.89039	0.61357
0.70622	0.41185
0.68401	0.58444
0.54143	0.77034
0.97145	0.55799
0.63281	0.6534
0.42475	0.49869
0.36553	0.63133
0.71587	0.83705
0.61191	0.3201
0.79087	0.46586
0.43308	0.36226
0.64967	0.69846
0.45746	0.49591
0.73648	0.57813
0.74231	0.78053
0.55239	0.64141
0.3472	0.42865
0.52282	0.2895
0.86467	0.58075
0.5633	0.48645
0.69658	0.21753
0.5581	0.48365
0.61066	0.48274
0.72909	0.73412
0.67515	0.64382
0.39536	0.15643
0.58143	0.11617
0.77919	0.19419
0.68331	0.28512
0.51518	0.61819
0.50321	0.48467
0.33513	0.50609
0.62687	0.35472
0.5623	0.59752
0.79075	0.54345
0.60292	0.50147
0.25124	0.50476
0.73689	0.30978
0.61556	0.36892
0.24573	0.6329
0.57821	0.49562
0.58528	0.49963
0.68962	0.63369
0.76196	0.40093
0.55662	0.21112
0.82934	0.68146
0.66024	0.56556
0.38444	0.6478
0.54735	0.56882
0.36745	0.64591
0.47992	0.73
0.62776	0.25319
0.83954	0.25633
0.90861	0.54529
0.66197	0.55315
0.46833	0.18693
0.42	0.16032
0.56978	0.4582
0.77498	0.56426
0.52828	0.50041
0.21886	0.4683
0.6123	0.52857
0.61808	0.48324
0.66418	0.68189
0.41938	0.36705
0.47201	0.127
0.53915	0.61213
0.57683	0.46468
0.54985	0.22077
0.6534	0.82573
0.6309	0.53916
0.60921	0.50624
0.62355	0.62564
0.3622	0.34426
0.45572	0.42522
0.75261	0.46497
0.5718	0.64575
0.45642	0.86878
0.79242	0.56158
0.77749	0.5288
0.80931	0.81098
0.5775	0.43189
0.6854	0.529
0.82062	0.51648
0.60058	0.49782
0.52768	0.32234
0.61954	0.51414
0.72282	0.67265
0.73929	0.5702
0.49603	0.60835
0.75894	0.78443
0.57193	0.52292
0.61265	0.48852
0.58013	0.51237
0.73825	0.23063
0.48268	0.39425
0.96667	0.45751
0.21381	0.52848
0.71214	0.5944
0.55931	0.29435
0.43083	0.54115
0.52355	0.52637
0.6689	0.53967
0.52301	0.40185
0.49451	0.39706
0.59319	0.49078
0.43061	0.79632
0.40144	0.32083
0.74154	0.23858
0.52845	0.67332
0.58211	0.49306
0.8193	0.18156
0.40727	0.56836
0.59526	0.49338
0.55851	0.55944
0.25438	0.40486
0.59286	0.50274
0.64726	0.29259
0.29161	0.3128
0.44745	0.43247
0.44585	0.57596
0.59952	0.50177
0.43961	0.54987
0.51215	0.7802
0.64267	0.58791
0.63812	0.48833
0.55421	0.31034
0.48521	0.36186
0.63597	0.27993
0.63603	0.78985
0.45799	0.71866
0.33724	0.20481
0.48738	0.36275
0.55732	0.34388
0.92515	0.41352
0.67969	0.36814
-0.31541	0.605
0.014215	0.73905
-0.46245	0.7731
-0.47074	0.47852
-0.29084	0.58757
-0.40874	0.70319
-0.42452	0.5416
-0.10442	0.69505
-0.47684	0.84171
-0.33469	0.76125
-0.23379	0.31124
-0.060647	0.65812
-0.32137	0.55143
-0.19868	0.51166
-0.13358	0.57757
-0.45819	0.33877
-0.57496	0.65754
0.042916	0.70482
-0.017754	0.84713
-0.49256	0.47721
0.030325	0.49704
-0.27251	0.58739
-0.070311	0.90402
-0.27252	0.68192
-0.23491	0.79984
-0.25019	0.56526
-0.36866	0.6531
-0.48575	0.76602
-0.25436	0.40725
-0.24862	0.26068
-0.3038	0.64565
-0.62162	0.77953
-0.60108	0.83848
-0.23883	0.6216
-0.1807	0.59746
-0.17353	0.49673
-0.1256	0.76054
-0.59231	0.63735
-0.15608	0.52644
-0.14623	0.24175
-0.45914	0.71642
-0.061429	0.31816
-0.67047	0.74103
-0.30365	0.71326
-0.38453	0.56366
-0.56416	0.45756
-0.37501	0.6362
-0.27321	0.20376
-0.30393	0.59739
-0.66823	0.50897
-0.25659	0.65446
-0.46883	0.74166
-0.26328	0.57548
0.017139	0.69878
-0.030692	0.76564
-0.54674	0.50323
-0.25841	0.57577
0.091713	0.58295
-0.39227	0.22538
-0.13238	0.65629
-0.22636	0.53018
-0.15569	0.46851
-0.33588	0.56489
-0.21777	0.84748
-0.29704	0.59996
-0.62223	0.63466
-0.64074	0.54857
-0.090697	0.8959
-0.052579	0.31399
-0.29318	0.61986
0.019743	0.4753
-0.36034	0.79325
-0.12663	0.75515
-0.15458	0.77216
-0.31301	0.68632
-0.1769	0.46456
-0.17353	0.64169
-0.24819	0.62887
-0.63885	0.62044
-0.43231	0.56236
-0.22756	0.54453
-0.22164	0.47114
-0.2127	0.3821
-0.1484	0.5726
-0.64539	0.6713
-0.019478	0.71201
-0.3191	0.38022
0.05649	0.62116
-0.24131	0.5491
-0.11151	0.41773
-0.37512	0.50417
-0.16709	0.57805
-0.076436	0.71863
-0.46469	0.68184
-0.072799	0.46519
-0.1211	0.25622
-0.26105	0.45211
-0.27531	0.94854
-0.4435	0.34318
-0.30996	0.64741
-0.50374	0.43065
-0.15732	0.80187
-0.22217	0.51712
-0.22222	0.55004
-0.32439	0.59787
-0.12551	0.61888
-0.52461	0.40579
-0.30017	0.59524
-0.25073	0.35836
-0.4473	0.3397
-0.24044	0.61219
-0.51003	0.80367
-0.33083	0.81485
-0.40523	0.62661
-0.10909	0.34046
-0.18634	0.98131
-0.32779	0.54934
-0.12475	0.89857
-0.36671	0.78279
-0.30754	0.58441
-0.34629	0.60303
-0.36141	0.30096
-0.45216	0.62412
-0.26156	0.48618
-0.41986	0.49426
-0.24103	0.56434
-0.1192	0.24386
-0.3334	0.57257
-0.43193	0.8571
-0.36605	0.72558
-0.22986	0.60374
-0.18962	0.68915
-0.61035	0.75021
-0.41057	0.68692
-0.39753	0.22893
-0.37987	0.43096
-0.29062	0.55474
-0.25253	0.81975
-0.4905	0.546
-0.24628	0.52399
-0.48353	0.63438
-0.46016	0.673
-0.2432	0.60913
-0.29507	0.60134
-0.59167	0.59737
-0.15363	0.33043
-0.32786	0.65146
-0.44113	0.51629
-0.10806	0.2824
-0.3212	0.58342
-0.14381	0.64175
-0.091925	0.52263
-0.32972	0.48572
-0.19768	0.37502
-0.074238	0.68999
-0.36057	0.94402
-0.29459	0.56899
-0.40438	0.62815
-0.31031	0.61179
-0.092955	0.69806
-0.38894	0.66594
-0.077415	0.52414
-0.27545	0.69166
-0.28962	0.54514
-0.29539	0.61246
0.043238	0.55254
-0.14885	0.52409
-0.41273	0.81431
-0.32036	0.55998
-0.3466	0.47737
-0.2057	0.63487
-0.28277	0.24471
-0.37798	0.65826
-0.43469	0.63696
-0.13388	0.62317
-0.40919	0.40802
-0.52901	0.83979
-0.66638	0.73526
-0.20845	0.72488
-0.12963	0.29345
-0.38468	0.59671
-0.63607	0.48716
-0.34036	0.74098
-0.40633	0.59293
-0.6408	0.41651
-0.30353	0.80661
-0.44779	0.39898
-0.2626	0.69167
-0.30484	0.59663
-0.31831	0.5131
-0.52554	0.45646
-0.26859	0.39727
-0.29906	0.57782
-0.41622	0.77977
-0.53192	0.27892
-0.63767	0.6901
-0.25936	0.60342
-0.42185	0.9611
-0.27206	0.7318
-0.07946	0.34178
-0.29883	0.59843
0.088253	0.67606
-0.44611	0.44669
-0.38346	0.29953
-0.084927	0.72035
-0.60996	0.61277
-0.15729	0.69947
-0.32923	0.34372
-0.18453	0.36121
-0.47486	0.63565
-0.59916	0.43879
-0.28501	0.79309
-0.45617	0.2688
-0.29094	0.31981
-0.21528	0.3415
-0.22968	0.3938
-0.26953	0.42269
-0.62534	0.42054
0.081014	0.51157
-0.32411	0.96244
-0.48124	0.4515
-0.10176	0.30242
-0.5462	0.86172
-0.46095	0.592
-0.2394	0.63038
-0.52476	0.70785
-0.58434	0.37577
-0.15625	0.68469
0.0021755	0.35951
-0.44921	0.56458
-0.59446	0.37454
-0.05285	0.34114
-0.05516	0.43612
-0.38353	0.80223
-0.50849	0.8774
-0.48179	0.27249
-0.42773	0.77843
-0.012334	0.36394
-0.31279	0.58416
-0.60816	0.41836
-0.23782	0.67314
-0.21567	0.53657
-0.10907	0.54027
-0.32318	0.63159
-0.18015	0.71746
-0.48068	0.55312
-0.48409	0.34147
-0.53394	0.36306
-0.53819	0.37796
-0.53011	0.89754
-0.21219	0.65757
-0.16763	0.40028
-0.5815	0.8247
-0.48697	0.61017
-0.24916	0.65686
-0.41628	0.6953
-0.41354	0.44748
-0.35496	0.89508
-0.18833	0.83926
-0.2824	0.47572
-0.27613	0.62419
-0.12979	0.42124
-0.52918	0.78156
-0.06644	0.30081
-0.10114	0.72633
-0.14669	0.53504
-0.43074	0.60058
-0.29179	0.68692
-0.11623	0.78802
-0.31457	0.52057
-0.3099	0.6177
-0.3559	0.63098
-0.1278	0.71046
-0.18052	0.60015
-0.52572	0.39715
-0.19158	0.62812
-0.47005	0.8194
-0.22066	0.46417
-0.21402	0.59348
-0.66172	0.69144
-0.42294	0.95326
-0.18267	0.6714
-0.32151	0.68718
-0.47092	0.75113
-0.1027	0.73289
-0.096382	0.85222
-0.58841	0.63727
-0.30582	0.46397
-0.24155	0.62865
-0.36518	0.6277
-0.13636	0.827
-0.086724	0.54399
-0.51261	0.45784
-0.14729	0.89734
-0.44755	0.50001
-0.55614	0.35336
-0.32029	0.28687
-0.25037	0.85997
-0.11414	0.75643
-0.33625	0.85856
-0.036611	0.60665
-0.37253	0.57754
-0.43228	0.92311
-0.10822	0.74247
-0.1304	0.47547
-0.58783	0.58042
-0.34052	0.51153
-0.01389	0.86489
-0.10448	0.80601
-0.36893	0.70004
-0.60442	0.45678
-0.30127	0.59875
-0.28489	0.61338
-0.18002	0.41733
-0.42342	0.65225
-0.42203	0.63666
-0.13101	0.83301
-0.56272	0.58395
-0.22013	0.45061
-0.35158	0.64223
-0.4294	0.85502
-0.41401	0.53655
-0.32707	0.57777
-0.22475	0.69742
-0.29207	0.6287
-0.10855	0.56927
-0.58705	0.83606
-0.40161	0.77942
-0.091083	0.40237
-0.27795	0.68706
-0.65325	0.61127
-0.33018	0.55182
-0.377	0.68601
-0.30024	0.44387
-0.51709	0.36514
-0.31892	0.95222
-0.42522	0.34146
-0.53322	0.7491
-0.1488	0.53673
-0.42217	0.2255
-0.6823	0.66033
-0.31322	0.51445
-0.48852	0.55032
-0.058486	0.35466
-0.13518	0.63515
-0.27022	0.54111
-0.55315	0.863
-0.53893	0.51647
-0.28152	0.40433
-0.21571	0.44244
-0.41486	0.65401
-0.23016	0.79099
-0.32099	0.49286
-0.30582	0.50671
-0.30935	0.60512
-0.40418	0.71543
-0.4479	0.79251
-0.39213	0.72098
-0.27803	0.63283
-0.26799	0.74501
-0.57463	0.50809
-0.47322	0.25829
-0.42916	0.5765
-0.36037	0.24563
0.054766	0.5026
-0.13895	0.45212
-0.63674	0.53728
-0.15646	0.58581
-0.4996	0.59973
-0.24743	0.60626
-0.46664	0.56017
-0.3039	0.58675
-0.23759	0.59396
-0.27704	0.37392
-0.49306	0.53084
-0.1291	0.7706
-0.33647	0.57871
-0.58839	0.40953
-0.24705	0.65162
-0.48518	0.5885
-0.2428	0.41797
-0.30291	0.60134
-0.14804	0.57298
-0.26197	0.6315
-0.30088	0.6006
-0.090864	0.72941
-0.55161	0.61111
-0.49959	0.73238
-0.073957	0.57022
-0.44059	0.38832
-0.44665	0.65307
-0.32321	0.79572
-0.25276	0.62956
-0.49024	0.45677
-0.3428	0.21517
-0.34132	0.56345
-0.444	0.25832
-0.26491	0.67625
-0.18763	0.94612
-0.45554	0.76496
-0.056321	0.72165
-0.013376	0.56809
-0.5647	0.7881
-0.32902	0.53695
-0.58322	0.41009
-0.38498	0.35717
-0.35202	0.42905
-0.44464	0.42911
0.018395	0.62928
-0.24179	0.72036
-0.17353	0.27382
-0.25451	0.34263
-0.32886	0.61954
-0.1682	0.76237
-0.31138	0.6308
-0.60779	0.65644
-0.27401	0.45893
-0.29483	0.68153
-0.23678	0.54293
-0.24542	0.3944
-0.60807	0.37123
-0.36722	0.54236
-0.31312	0.36185
-0.33824	0.56457
-0.1451	0.62785
-0.20769	0.59623
-0.15204	0.46112
-0.53457	0.74205
-0.37856	0.48522
-0.10819	0.77025
-0.12809	0.39773
-0.341	0.74201
-0.31501	0.77736
-0.19304	0.49071
-0.14562	0.47798
-0.42507	0.9282
-0.077485	0.79864
0.0026521	0.52817
-0.50554	0.50411
-0.12954	0.74328
-0.27684	0.62277
-0.052243	0.3462
-0.2215	0.413
-0.28767	0.6071
-0.024818	0.43908
-0.13128	0.74653
0.048033	0.7303
-0.13191	0.41832
-0.42268	0.78576
-0.17305	0.73407
-0.32361	0.49648
-0.16204	0.87292
-0.31677	0.55342
-0.28216	0.52612
-0.20729	0.57491
-0.023847	0.60819
-0.16375	0.66692
-0.18421	0.65077
-0.5817	0.42164
-0.33213	0.62012
-0.4909	0.74303
-0.31007	0.48367
-0.53425	0.67478
-0.29316	0.87042
-0.22259	0.54979
-0.16581	0.35615
-0.42348	0.24447
-0.46204	0.72863
-0.39214	0.93069
-0.019384	0.74213
-0.45086	0.54647
-0.20202	0.41992
-0.44577	0.40068
-0.26853	0.6587
-0.52942	0.32306
-0.27887	0.59317
-0.28836	0.59125
-0.26284	0.64169
-0.35548	0.66435
-0.15671	0.53878
-0.37355	0.60084
-0.37201	0.7944
-0.39452	0.84234
-0.24017	0.55309
-0.1802	0.65675
-0.14718	0.27909
-0.58079	0.59378
-0.5331	0.43866
-0.62535	0.46691
-0.28743	0.72118
-0.42863	0.94508
-0.26282	0.47866
-0.36016	0.64303
-0.45382	0.29012
-0.15049	0.55227
-0.27488	0.61006
-0.35544	0.61535
-0.064534	0.69721
-0.1517	0.69943
-0.46217	0.63446
-0.64561	0.64669
-0.38341	0.58724
-0.045481	0.34323
-0.038421	0.73016
-0.11161	0.76569
-0.24158	0.59793
-0.29795	0.48773
-0.12043	0.54308
-0.069212	0.51297
-0.21735	0.48242
-0.48932	0.47133
-0.048422	0.6749
0.017357	0.57416
-0.37748	0.74275
-0.34781	0.40728
-0.16227	0.70488
-0.27785	0.55636
-0.33618	0.54445
-0.18477	0.75648
-0.29467	0.48731
-0.065273	0.28079
-0.16777	0.6135
-0.47168	0.79483
-0.43991	0.47974
0.0090748	0.50241
-0.19841	0.91201
-0.17128	0.66949
-0.41421	0.56368
-0.052336	0.59996
0.037595	0.5514
-0.26786	0.30552
-0.32501	0.90657
-0.41441	0.30944
-0.56155	0.62109
-0.30788	0.59954
0.024346	0.69916
-0.22957	0.41022
-0.070237	0.65145
-0.33306	0.48417
-0.19173	0.44663
-0.068616	0.39423
-0.18773	0.47808
-0.2372	0.64861
-0.30523	0.58461
-0.62065	0.75422
-0.3628	0.52331
-0.17171	0.62711
0.04634	0.79926
-0.63744	0.68546
-0.29137	0.66271
-0.22012	0.70814
-0.41665	0.83948
-0.6352	0.51924
-0.60088	0.58511
-0.22655	0.56806
-0.28156	0.2671
0.067332	0.51303
-0.25166	0.57029
-0.24478	0.75035
-0.53668	0.77653
-0.36808	0.65883
-0.28743	0.76734
-0.21007	0.59091
-0.15124	0.4007
-0.34433	0.58923
-0.27606	0.62644
-0.27142	0.44093
-0.50563	0.50931
-0.45083	0.41248
-0.50394	0.73458
-0.17948	0.62371
-0.19658	0.78257
-0.36363	0.7246
-0.38254	0.40075
-0.062296	0.41499
-0.64651	0.7368
-0.025014	0.58538
-0.34631	0.53605
-0.37087	0.43811
-0.31399	0.65736
-0.62721	0.4938
-0.2354	0.8524
-0.46875	0.53981
0.055905	0.58173
-0.060003	0.64014
-0.48486	0.55474
-0.17012	0.71933
-0.30613	0.61917
-0.25689	0.61082
-0.53689	0.27851
-0.27041	0.55959
-0.19739	0.4258
-0.29545	0.46085
-0.60375	0.83531
-0.14385	0.8273
-0.44187	0.59621
-0.44283	0.66946
-0.61021	0.44212
-0.10725	0.7439
-0.0051399	0.69062
-0.21132	0.65057
-0.10023	0.68967
-0.35893	0.41474
0.040722	0.41784
-0.26193	0.59081
-0.073521	0.62241
-0.54886	0.62043
-0.067954	0.36499
-0.13439	0.94476
-0.64192	0.67139
-0.22945	0.58749
-0.38004	0.65324
-0.16473	0.80105
-0.28725	0.77143
-0.65632	0.63665
-0.13604	0.56763
-0.33625	0.50948
-0.32779	0.84198
-0.08985	0.59028
-0.27945	0.60411
-0.4248	0.52156
-0.27779	0.45713
-0.26025	0.63412
-0.469	0.89242
-0.042965	0.45053
-0.393	0.38961
-0.10213	0.8321
-0.30987	0.70866
-0.51913	0.78108
-0.067848	0.36528
-0.46798	0.55271
-0.28677	0.60432
-0.29444	0.59898
-0.21723	0.24348
-0.42268	0.52281
-0.64716	0.4274
-0.019091	0.40217
-0.29871	0.49021
-0.33126	0.63241
-0.043411	0.36801
-0.18301	0.70951
-0.43165	0.78793
-0.41949	0.32823
-0.58852	0.4137
-0.33509	0.65608
-0.23794	0.54343
-0.23203	0.47364
-0.35744	0.96354
-0.028113	0.48031
0.039721	0.45877
-0.20531	0.84012
-0.25568	0.45863
-0.40492	0.5896
0.012933	0.62698
-0.074946	0.45872
-0.23263	0.87531
-0.62962	0.37856
-0.29077	0.63939
-0.20819	0.57275
-0.52551	0.68336
-0.10454	0.59148
-0.10405	0.39028
-0.30377	0.53938
-0.21277	0.58231
-0.49547	0.68617
-0.11115	0.92462
-0.60346	0.64908
-0.48093	0.73691
-0.18732	0.58933
-0.52958	0.5692
-0.60038	0.72889
-0.47302	0.83937
-0.061381	0.49094
-0.3602	0.93529
-0.18866	0.46399
-0.58807	0.53969
-0.20128	0.69346
0.021616	0.52863
-0.5216	0.89422
-0.45851	0.55758
-0.54499	0.44257
-0.29974	0.56588
0.056673	0.75372
-0.44397	0.52578
-0.31579	0.69741
-0.56092	0.70006
-0.27608	0.66608
-0.54391	0.84676
-0.389	0.59709
-0.32858	0.3427
-0.60682	0.61185
-0.25786	0.56271
0.034539	0.43376
-0.28858	0.59768
-0.22794	0.33604
-0.30968	0.55659
-0.31849	0.58445
-0.28808	0.60241
0.0090949	0.70688
-0.34992	0.85892
-0.32014	0.44186
-0.22114	0.53812
-0.25943	0.63163
-0.14339	0.24951
-0.30292	0.55192
-0.10376	0.48629
-0.14294	0.88704
-0.30443	0.48285
-0.26205	0.58087
-0.073492	0.80485
-0.23558	0.68933
-0.34378	0.58175
-0.28914	0.58886
-0.33249	0.52476
-0.0066743	0.70686
-0.34665	0.9073
-0.36171	0.46647
-0.55323	0.81562
-0.31031	0.75169
-0.043346	0.58372
-0.35444	0.91415
-0.21658	0.64314
-0.27051	0.59247
-0.66509	0.44493
-0.44771	0.75016
-0.18327	0.5481
-0.3024	0.59178
-0.12618	0.91825
-0.23876	0.58041
-0.25824	0.49795
-0.32534	0.47373
0.063539	0.74947
-0.31081	0.61218
0.078389	0.56749
-0.50606	0.90526
-0.26732	0.70222
-0.34426	0.51517
-0.27205	0.49394
-0.33445	0.41918
-0.26361	0.84077
-0.36795	0.61769
-0.29403	0.61109
-0.054479	0.80216
-0.22791	0.50937
-0.40351	0.59184
-0.29944	0.60006
-0.13363	0.76625
-0.30522	0.60632
-0.34889	0.83085
-0.43317	0.57331
-0.19249	0.6038
0.0023762	0.41977
-0.29131	0.60875
-0.478	0.56731
-0.40478	0.33434
-0.38548	0.72911
-0.27803	0.3554
-0.58926	0.87374
-0.13233	0.29345
-0.44239	0.84973
0.012869	0.67886
-0.22341	0.80078
-0.29598	0.59357
-0.30469	0.61476
-0.29946	0.69726
-0.41118	0.77984
-0.13708	0.59221
-0.044717	0.77838
-0.27019	0.59435
-0.26223	0.63315
-0.28333	0.61259
-0.3406	0.97237
-0.10513	0.38623
-0.35555	0.41475
-0.3071	0.907
-0.32596	0.94416
-0.411	0.60783
-0.4463	0.89771
-0.29645	0.5983
-0.31699	0.60162
-0.40145	0.24394
-0.57283	0.84307
-0.45588	0.52185
-0.46054	0.35445
-0.45408	0.35039
0.018982	0.75548
-0.25849	0.31484
-0.26414	0.50835
-0.15022	0.94132
-0.33514	0.60046
-0.55807	0.59281
-0.48564	0.34559
-0.042747	0.69328
-0.081844	0.49864
-0.48286	0.44649
-0.46071	0.61822
-0.37813	0.95298
-0.31804	0.43744
-0.3123	0.66465
-0.26086	0.67384
-0.15559	0.78717
-0.41825	0.68456
-0.43018	0.24823
-0.43633	0.49501
-0.37833	0.61889
-0.0028381	0.53195
-0.045935	0.58846
0.058469	0.50407
-0.30012	0.59994
-0.23501	0.60452
-0.59016	0.45716
-0.23498	0.60108
-0.043541	0.6049
-0.20177	0.82573
-0.16974	0.31139
-0.085447	0.49458
-0.33232	0.65568
-0.24358	0.25947
-0.32812	0.9376
-0.29882	0.59183
-0.52991	0.58709
-0.28824	0.49815
-0.5138	0.69616
-0.11947	0.9221
-0.44971	0.35725
0.042948	0.68925
-0.3925	0.65392
-0.1349	0.5803
-0.23996	0.57245
-0.49141	0.76842
-0.1367	0.27753
-0.32197	0.81201
-0.48436	0.34204
-0.36234	0.58064
-0.1942	0.75179
-0.32955	0.60641
-0.36756	0.43428
-0.43608	0.43814
-0.13204	0.70166
-0.49927	0.74415
-0.1883	0.60275
-0.33662	0.21125
-0.15682	0.32386
-0.29382	0.67864
-0.32717	0.61207
-0.29487	0.53704
-0.41729	0.87224
-0.21257	0.37371
-0.32181	0.56379
-0.1892	0.66618
-0.41089	0.54376
-0.2783	0.54598
-0.15029	0.78093
-0.22955	0.71516
-0.56378	0.63395
-0.30702	0.2425
-0.26444	0.68035
-0.38153	0.38512
-0.25048	0.80823
-0.16594	0.35883
-0.31248	0.6014
-0.26235	0.8096
-0.46069	0.5411
0.041012	0.69691
-0.051633	0.52234
-0.32881	0.75404
-0.022468	0.74236
-0.15458	0.28456
-0.57264	0.45657
-0.36379	0.47682
-0.12884	0.3485
-0.17703	0.70996
-0.27682	0.59863
-0.22959	0.54834
-0.2971	0.59477
-0.24835	0.42629
-0.27637	0.61446
-0.18522	0.24778
0.023633	0.63827
-0.50154	0.6227
-0.36088	0.5763
-0.37897	0.59144
-0.21202	0.8023
-0.056057	0.91414
-0.5027	0.87307
-0.50975	0.53859
-0.33692	0.61159
-0.29983	0.80763
-0.0051578	0.41999
-0.32432	0.54092
-0.41951	0.23052
-0.31096	0.8457
-0.59463	0.73005
-0.37895	0.54753
-0.19782	0.55756
-0.06731	0.69004
-0.55282	0.66741
-0.48822	0.60547
-0.38975	0.57285
-0.031272	0.47611
-0.2848	0.64989
-0.34648	0.50163
-0.31511	0.54649
-0.31407	0.56765
-0.55194	0.664
-0.26529	0.57568
-0.39635	0.7699
-0.15126	0.57649
-0.59594	0.55002
0.08412	0.52052
-0.61035	0.74854
-0.097879	0.91918
-0.36244	0.646
-0.28155	0.71853
-0.25962	0.49949
-0.299	0.63686
-7.5851e-05	0.62107
-0.55498	0.40097
-0.37202	0.62585
-0.32384	0.66111
-0.3024	0.58808
-0.48093	0.65184
-0.26729	0.59935
-0.38495	0.69263
-0.48849	0.87259
-0.37839	0.43996
-0.10825	0.53991
-0.055079	0.81272
-0.23399	0.59633
-0.5132	0.35492
-0.59014	0.55709
-0.18722	0.60624
-0.26717	0.70048
-0.27353	0.5946
-0.4541	0.40104
-0.22187	0.41142
-0.31866	0.60772
-0.31513	0.90936
-0.34382	0.5295
-0.099876	0.92279
-0.29524	0.64855
-0.29083	0.60629
-0.29207	0.61123
-0.40689	0.9582
-0.30594	0.60081
-0.49719	0.38998
-0.26992	0.59535
-0.35889	0.56516
-0.12448	0.4945
-0.33162	0.35757
-0.62814	0.50887
-0.10361	0.8277
-0.40001	0.45801
-0.38544	0.66546
-0.45125	0.5106
-0.094438	0.6142
-0.34113	0.53125
-0.43608	0.269
-0.28668	0.60723
-0.62996	0.79069
-0.17299	0.47691
-0.16449	0.81879
-0.33104	0.62408
-0.49592	0.59971
-0.56585	0.48167
-0.30085	0.58164
-0.12768	0.53655
-0.33618	0.78815
-0.43468	0.79579
-0.62345	0.73245
-0.29734	0.59886
-0.54124	0.68553
-0.071568	0.7843
-0.21648	0.53706
-0.020713	0.34053
-0.15125	0.45092
-0.21262	0.56636
-0.28254	0.60533
-0.28615	0.4959
-0.53023	0.71519
-0.44186	0.33078
-0.21675	0.94278
-0.1131	0.74844
-0.12039	0.5783
-0.42622	0.47289
-0.14564	0.92861
-0.23091	0.54452
-0.25745	0.49722
0.031874	0.56645
0.018046	0.70817
0.040369	0.63919
-0.21528	0.54751
-0.044268	0.81367
0.012398	0.76811
-0.66137	0.52933
-0.38656	0.4913
-0.45184	0.38541
-0.32894	0.6287
0.00032605	0.54407
-0.36083	0.70939
0.3106	-0.64764
0.25568	-0.38429
0.34459	-0.53948
0.23572	-0.61709
0.16697	-0.33796
0.23554	-0.55867
-0.082787	-0.58643
0.13302	-0.20409
0.30116	-0.53528
0.31783	-0.53326
0.27368	-0.62326
0.53361	-0.63658
0.085644	-0.44522
0.20257	-0.45716
0.65854	-0.57811
0.38368	-0.53689
0.40417	-0.49351
0.071283	-0.47969
0.45885	-0.54126
0.37578	-0.52827
0.42436	-0.65527
0.536	-0.25876
0.34985	-0.69668
0.33469	-0.55738
0.33	-0.42079
0.22219	-0.81888
0.22039	-0.62657
0.30076	-0.49941
0.48628	-0.28476
0.42933	-0.55921
0.43409	-0.23614
0.51626	-0.35937
0.29634	-0.50584
0.60375	-0.60478
-0.013224	-0.44088
0.3761	-0.52953
-0.069251	-0.49621
0.39102	-0.8052
0.4355	-0.68618
0.49767	-0.81859
0.13813	-0.59527
0.032059	-0.51596
0.39826	-0.4507
0.27914	-0.50392
0.45958	-0.20228
0.25984	-0.37445
0.30324	-0.48751
0.31047	-0.4245
0.34775	-0.42717
0.354	-0.55685
0.30404	-0.49789
-0.042999	-0.41688
0.18727	-0.56611
0.28923	-0.47422
0.31897	-0.50623
0.1968	-0.45558
0.45434	-0.24722
0.33397	-0.5565
0.16493	-0.43937
0.41184	-0.43024
0.27671	-0.43931
0.64832	-0.5198
0.2054	-0.26851
0.15033	-0.5082
0.46852	-0.72039
0.56898	-0.59876
0.12404	-0.42651
0.21423	-0.25548
0.38641	-0.60409
0.15619	-0.57297
-0.004539	-0.4191
0.1036	-0.39896
0.38462	-0.77202
0.30326	-0.60529
0.38052	-0.72055
0.34881	-0.49133
0.18558	-0.37539
0.25141	-0.68072
0.36667	-0.5616
0.35951	-0.24675
0.071572	-0.67682
0.31167	-0.49181
0.54143	-0.65425
0.24287	-0.56724
0.23732	-0.38087
0.41861	-0.38165
0.27155	-0.75739
0.34477	-0.69195
0.46296	-0.80666
0.016084	-0.44759
0.054854	-0.64191
0.30706	-0.71785
0.35778	-0.73835
0.24869	-0.45701
0.31225	-0.45714
0.43492	-0.66792
0.31791	-0.63921
0.25954	-0.27978
0.52044	-0.34831
0.4351	-0.48073
0.33199	-0.27011
0.24286	-0.44217
0.29293	-0.5076
0.36717	-0.55993
0.2148	-0.45617
0.47836	-0.33687
-0.037197	-0.57508
0.30621	-0.49662
0.17021	-0.52333
0.38175	-0.20553
0.087074	-0.44416
0.4697	-0.38417
0.14701	-0.61256
0.48645	-0.3438
0.36836	-0.58892
0.30482	-0.50469
0.27805	-0.38755
0.30024	-0.43471
0.20643	-0.66551
0.37088	-0.71369
0.23969	-0.70276
0.22745	-0.36904
0.45869	-0.16508
0.031498	-0.36079
0.13957	-0.3037
0.42194	-0.61738
0.27877	-0.42527
0.31731	-0.64782
0.2393	-0.37606
0.61943	-0.51301
0.41442	-0.2599
0.24445	-0.41812
0.23763	-0.42227
0.38203	-0.3445
0.60448	-0.33557
0.36556	-0.44255
0.24475	-0.20615
0.20797	-0.40687
0.089697	-0.28577
0.49328	-0.5027
0.084856	-0.46366
0.36806	-0.78877
0.26565	-0.56275
0.32257	-0.53611
0.40494	-0.32
0.49379	-0.61838
0.31694	-0.44046
0.59833	-0.69704
0.039323	-0.78635
0.17907	-0.48678
-0.012822	-0.28644
0.41642	-0.24244
0.31125	-0.62582
0.3608	-0.53889
0.079245	-0.78528
0.31026	-0.53499
0.23933	-0.58324
0.14877	-0.55714
0.19601	-0.61847
0.30345	-0.5276
0.23749	-0.52546
0.34306	-0.38634
0.17535	-0.73145
0.16893	-0.44075
0.41833	-0.43594
0.30571	-0.41518
0.52	-0.83255
-0.031388	-0.63566
0.5743	-0.66997
0.314	-0.40567
-0.017947	-0.3384
0.26072	-0.40425
0.40558	-0.42369
0.08128	-0.81629
0.22821	-0.66754
0.080279	-0.26379
0.05231	-0.23083
0.34605	-0.44315
0.38732	-0.55827
0.063883	-0.4962
0.18603	-0.56411
0.36531	-0.23427
0.28083	-0.50488
0.26213	-0.61542
0.42024	-0.25793
0.31553	-0.26669
0.34332	-0.82715
0.28964	-0.46638
0.14461	-0.69447
0.28604	-0.26206
0.24025	-0.45267
0.20051	-0.21507
0.044578	-0.54254
0.30822	-0.38209
0.062108	-0.47148
0.16245	-0.68901
0.1934	-0.51121
0.16065	-0.62654
0.66384	-0.45219
0.67357	-0.41194
0.0347	-0.24398
0.31386	-0.65784
0.51157	-0.41347
0.040588	-0.53509
0.38832	-0.74635
0.30154	-0.68518
0.45465	-0.56456
0.32258	-0.45716
0.27693	-0.49602
0.45844	-0.6375
0.20194	-0.36562
0.238	-0.68703
0.24602	-0.37831
0.57004	-0.50072
0.097462	-0.55972
0.40822	-0.18027
0.066539	-0.52272
0.28055	-0.56027
0.075038	-0.20798
0.30663	-0.52468
0.32873	-0.40787
0.35681	-0.37914
0.34645	-0.53563
0.1993	-0.49569
0.25678	-0.48293
0.34424	-0.12838
0.30087	-0.20499
0.55116	-0.74153
0.026875	-0.23185
0.19857	-0.3891
0.47198	-0.80372
0.48463	-0.28794
0.23507	-0.23576
0.44637	-0.38553
0.035213	-0.22926
0.24951	-0.85134
0.2467	-0.49444
0.20567	-0.65765
0.16664	-0.50451
0.53123	-0.36479
0.12805	-0.77221
0.29488	-0.27792
0.38511	-0.24172
0.16205	-0.29323
0.28989	-0.53759
0.36523	-0.47203
0.24592	-0.75719
0.24138	-0.79815
0.40747	-0.58305
0.42103	-0.52946
0.070437	-0.36358
0.11771	-0.68958
0.031946	-0.63556
0.28198	-0.51192
0.15676	-0.51454
0.33711	-0.45199
0.16765	-0.83613
0.58594	-0.66288
0.32692	-0.39031
0.078647	-0.78186
0.34225	-0.11337
0.0086269	-0.38267
0.37889	-0.43264
0.27046	-0.51151
0.32929	-0.76293
0.23718	-0.55282
0.29413	-0.35117
0.27238	-0.23058
0.2931	-0.49825
0.29971	-0.50041
0.1996	-0.84366
0.093773	-0.57162
0.28476	-0.35215
0.048147	-0.26734
0.084164	-0.40949
0.11516	-0.1802
0.58399	-0.47583
0.10923	-0.48208
0.62654	-0.43555
0.539	-0.52173
0.18437	-0.46809
0.29196	-0.43043
0.30511	-0.51461
0.22114	-0.62614
0.26835	-0.81952
0.40723	-0.35769
0.43525	-0.60446
0.62007	-0.32475
0.20526	-0.53206
0.28979	-0.48519
0.10015	-0.32505
-0.073021	-0.55225
0.14761	-0.63496
0.31712	-0.61047
0.18001	-0.72082
0.30804	-0.50571
0.17939	-0.34456
0.10832	-0.37277
0.24611	-0.37553
0.58329	-0.70749
0.040494	-0.3041
0.23639	-0.12974
0.26282	-0.70668
0.3751	-0.57433
0.60335	-0.57735
0.30361	-0.82759
0.47019	-0.40977
0.31325	-0.42866
0.29805	-0.35556
0.26112	-0.52814
0.27328	-0.31454
0.60009	-0.2871
0.18618	-0.64475
0.54554	-0.22074
0.24653	-0.47592
0.24369	-0.38681
0.31131	-0.47885
0.50371	-0.68741
0.36114	-0.26888
0.29929	-0.82774
0.23104	-0.76868
0.41623	-0.22094
0.11334	-0.54777
0.54057	-0.55189
0.6646	-0.44641
0.28598	-0.7255
0.33092	-0.70212
0.36521	-0.69992
0.21481	-0.42375
0.24802	-0.51681
0.37247	-0.86945
0.28565	-0.59609
0.31199	-0.43876
0.33881	-0.50517
0.66166	-0.48176
0.21166	-0.35791
0.41101	-0.31428
0.22276	-0.27037
0.21887	-0.56138
0.37876	-0.25117
0.16797	-0.15659
0.45457	-0.46529
0.31368	-0.23869
0.37804	-0.54287
0.3827	-0.73366
0.57699	-0.73125
0.31378	-0.56822
0.25497	-0.14284
0.44571	-0.5704
-0.0025716	-0.3095
0.30432	-0.50241
0.30739	-0.55906
0.19577	-0.53116
0.44307	-0.86549
0.44898	-0.16838
0.40158	-0.66747
0.44008	-0.28181
0.59634	-0.66343
0.061557	-0.37336
0.56782	-0.74768
0.35535	-0.59508
0.03812	-0.77882
0.26941	-0.45904
0.4817	-0.36672
-0.018931	-0.71026
0.3003	-0.4856
0.13793	-0.47906
0.28663	-0.36812
0.47727	-0.85427
0.32208	-0.5627
0.33813	-0.1176
0.16174	-0.57634
0.48672	-0.44126
0.58242	-0.48663
0.4418	-0.44098
0.1885	-0.47034
0.53394	-0.41841
0.54993	-0.6006
0.60237	-0.40889
0.027583	-0.48414
0.36744	-0.77785
0.23863	-0.47723
0.27212	-0.55102
0.23233	-0.35848
0.64389	-0.45098
0.43277	-0.71394
0.36239	-0.38271
0.24125	-0.14786
0.17241	-0.55885
0.30522	-0.4918
0.26026	-0.55453
0.47756	-0.70347
0.32208	-0.51781
0.30839	-0.52099
0.013307	-0.58408
0.443	-0.55977
0.30692	-0.50616
0.27778	-0.5293
0.16118	-0.53904
0.26238	-0.65351
0.45821	-0.74691
0.49376	-0.4705
0.1547	-0.72316
0.42186	-0.51228
0.68266	-0.46388
0.29967	-0.56078
0.2469	-0.21463
0.30824	-0.71496
0.55728	-0.68792
0.058126	-0.68191
0.37738	-0.70493
0.24802	-0.58093
0.23662	-0.55019
0.28458	-0.85251
0.13807	-0.43186
0.18856	-0.56486
0.29416	-0.50066
0.43472	-0.58226
0.38719	-0.43373
0.6315	-0.45629
0.33234	-0.87546
0.26501	-0.33661
0.5917	-0.56454
0.59418	-0.72484
0.30232	-0.32113
0.14834	-0.72079
0.40001	-0.53709
0.16575	-0.4676
0.40422	-0.49107
0.27965	-0.36567
0.32891	-0.36417
0.56071	-0.25754
0.32171	-0.13389
0.46002	-0.71719
0.54204	-0.38195
0.47042	-0.53866
0.26444	-0.88785
0.30319	-0.48179
0.30929	-0.53349
0.52479	-0.1776
-0.0052783	-0.51245
0.17096	-0.56272
-0.031775	-0.67059
0.14924	-0.59832
0.26584	-0.88237
0.6841	-0.53855
0.2416	-0.42969
0.40552	-0.49331
0.29266	-0.50099
0.4477	-0.85764
0.5663	-0.47506
0.44065	-0.69988
0.30134	-0.50123
0.35984	-0.52795
0.28914	-0.48633
0.4052	-0.1996
0.2562	-0.18076
0.27887	-0.52331
0.27373	-0.44032
0.53687	-0.62734
0.54748	-0.3438
0.46267	-0.73929
0.27556	-0.48734
0.16222	-0.7031
0.4658	-0.61512
0.099991	-0.73281
0.69476	-0.44496
0.31461	-0.55697
0.20729	-0.45863
0.24742	-0.45206
0.3045	-0.5069
0.23892	-0.43154
0.62505	-0.35717
0.16036	-0.57317
0.26349	-0.76654
0.34105	-0.58149
0.1424	-0.62095
0.37177	-0.5014
0.24661	-0.65771
0.039836	-0.38849
0.11008	-0.32926
0.34759	-0.4759
0.29052	-0.49095
0.36016	-0.549
0.22754	-0.5662
0.18494	-0.63062
0.39085	-0.12982
0.29294	-0.39415
0.30093	-0.53585
0.38622	-0.81447
0.41349	-0.67299
0.42013	-0.2189
0.29785	-0.69824
-0.0039598	-0.33252
0.45465	-0.60332
0.29327	-0.35809
0.14213	-0.64366
0.35457	-0.47025
0.44158	-0.27436
0.1846	-0.70522
0.53505	-0.73479
-0.021477	-0.71761
0.24043	-0.35503
0.39525	-0.26416
0.27859	-0.68166
0.63282	-0.29384
0.076911	-0.33688
-0.021557	-0.28119
0.30263	-0.443
0.18336	-0.4648
0.23533	-0.46138
0.33179	-0.52954
0.20771	-0.60335
0.38069	-0.55966
0.50179	-0.19152
0.30844	-0.49717
0.26682	-0.52111
0.28241	-0.49899
0.31151	-0.48826
0.087349	-0.51444
0.37286	-0.58207
0.28941	-0.53013
0.30975	-0.75328
0.55513	-0.77813
0.070921	-0.53844
0.17958	-0.70729
0.35629	-0.42337
0.44129	-0.51698
0.051103	-0.63369
0.088078	-0.49939
0.31375	-0.38185
0.54536	-0.38715
0.30299	-0.63601
0.34174	-0.61447
0.23584	-0.5647
0.30516	-0.52289
0.20088	-0.24143
0.1856	-0.66066
0.35106	-0.50198
0.17661	-0.28866
0.44346	-0.55084
0.35947	-0.53803
0.25947	-0.55854
0.01875	-0.41913
0.01649	-0.44442
0.67233	-0.43024
0.35194	-0.53129
-0.00035438	-0.38828
0.30724	-0.36176
0.51656	-0.68951
0.29722	-0.54408
0.33571	-0.18029
0.39684	-0.26995
0.26748	-0.49355
0.23019	-0.59662
0.26275	-0.62857
0.49714	-0.7255
0.27136	-0.82864
0.13136	-0.65418
0.28148	-0.51253
0.35052	-0.48825
0.35924	-0.76263
-0.073326	-0.47056
0.22294	-0.38602
0.26209	-0.62932
0.0086255	-0.28722
0.21733	-0.6013
0.41128	-0.49963
-0.024893	-0.59217
0.14258	-0.53889
-0.095102	-0.47032
0.54292	-0.77029
0.53468	-0.52721
0.15985	-0.66778
0.19481	-0.74072
0.52977	-0.35807
0.28885	-0.52675
0.29337	-0.49225
0.29764	-0.50662
0.423	-0.78185
0.20471	-0.56412
0.41506	-0.81328
0.38759	-0.39093
0.10002	-0.69247
0.28564	-0.31448
0.33763	-0.45584
0.25618	-0.47017
0.27448	-0.46163
0.28355	-0.50558
0.50776	-0.24952
0.48464	-0.45418
0.27091	-0.70172
0.35938	-0.53851
0.18881	-0.70537
0.39244	-0.64225
0.15069	-0.50701
0.039918	-0.44092
0.39447	-0.45799
-0.0075056	-0.28763
0.1461	-0.53499
0.26922	-0.35049
0.12748	-0.17502
0.64359	-0.39806
0.32413	-0.45051
0.26001	-0.48611
0.26187	-0.82716
0.094203	-0.37458
-0.02876	-0.54278
0.02084	-0.62969
0.40511	-0.55163
0.18292	-0.48465
-0.056615	-0.54686
0.22487	-0.28456
0.67654	-0.50865
0.037355	-0.25286
0.36937	-0.40621
0.30728	-0.53015
0.23507	-0.54055
0.029445	-0.57232
0.51422	-0.57827
0.21878	-0.52844
0.21734	-0.33104
0.061791	-0.44285
0.35342	-0.53799
0.31193	-0.45059
0.072027	-0.51618
0.29587	-0.29123
0.24042	-0.48128
0.28945	-0.49051
0.29985	-0.49981
0.40144	-0.50456
0.32563	-0.25403
0.39585	-0.50113
0.50464	-0.24037
0.33538	-0.31821
0.3121	-0.49822
0.24658	-0.34106
0.26114	-0.30817
0.29359	-0.55493
-0.054442	-0.61967
0.17639	-0.63799
0.3681	-0.15328
0.077907	-0.3738
0.45201	-0.60636
0.40127	-0.598
0.66049	-0.41602
0.31027	-0.54433
0.27486	-0.41069
0.088997	-0.62083
0.32802	-0.5365
0.14688	-0.62306
0.23878	-0.67081
0.16717	-0.74589
0.29519	-0.68032
0.23555	-0.28277
0.15877	-0.65156
0.39541	-0.5311
0.68875	-0.57285
0.28526	-0.3945
0.4152	-0.59127
0.64191	-0.67887
0.34731	-0.59948
0.30669	-0.50704
0.030085	-0.69785
0.27701	-0.14516
0.3291	-0.4868
0.15226	-0.43474
0.25134	-0.79683
0.19954	-0.55104
0.6257	-0.68109
0.43238	-0.38896
0.26359	-0.49051
0.22638	-0.52665
0.057546	-0.20423
0.49052	-0.56136
0.27051	-0.54548
0.42831	-0.81653
0.26395	-0.48821
-0.020468	-0.27692
0.24549	-0.37612
0.34094	-0.20101
0.15064	-0.82464
0.24355	-0.38797
0.31857	-0.48766
0.14737	-0.39076
0.22026	-0.67533
0.38534	-0.51206
-0.03498	-0.3797
0.19284	-0.58861
0.22977	-0.47734
0.29354	-0.54451
0.12407	-0.27451
0.56756	-0.32137
0.35824	-0.51449
0.45879	-0.71962
0.53162	-0.44421
0.40667	-0.8569
0.15607	-0.13121
-0.032204	-0.38188
0.43486	-0.46395
0.32769	-0.48512
0.11245	-0.45167
0.21811	-0.50047
0.48095	-0.64401
0.40424	-0.68873
0.043452	-0.4242
0.62162	-0.71619
0.25913	-0.23824
0.25444	-0.34155
0.29948	-0.55338
0.29838	-0.2456
0.33986	-0.71185
0.46473	-0.41578
0.057997	-0.55686
0.16836	-0.22296
0.303	-0.4739
0.39692	-0.17295
0.5653	-0.59413
0.14493	-0.60509
0.094138	-0.43959
0.2872	-0.49684
0.61596	-0.5258
0.20985	-0.54106
0.23117	-0.50333
0.083195	-0.74621
0.29288	-0.49091
0.34672	-0.29934
0.45672	-0.19685
0.32859	-0.8164
0.10873	-0.36611
0.36101	-0.43021
0.056887	-0.57101
0.44525	-0.16209
0.34483	-0.38891
0.10929	-0.28396
0.34061	-0.46775
0.095986	-0.75679
0.33981	-0.54024
0.60108	-0.54129
0.35244	-0.48846
0.41128	-0.43489
0.15673	-0.47069
0.46105	-0.46639
0.39358	-0.4078
0.27391	-0.70314
0.078467	-0.79468
0.12986	-0.49084
0.3171	-0.50158
0.44085	-0.48256
0.21424	-0.83303
0.29996	-0.59191
-0.070349	-0.40858
0.15993	-0.34134
0.50939	-0.30886
0.24342	-0.87537
0.21191	-0.49191
0.56847	-0.45223
0.3331	-0.59609
0.32903	-0.48909
0.36652	-0.57734
0.60858	-0.7155
0.62192	-0.46716
0.12471	-0.64823
0.32413	-0.21031
0.11609	-0.35836
0.29173	-0.51589
0.15187	-0.42881
-0.032286	-0.3629
0.04304	-0.23715
0.062159	-0.45642
0.11643	-0.55739
0.30179	-0.5004
0.34553	-0.65613
0.33124	-0.47421
0.50489	-0.69831
0.034391	-0.48343
0.37389	-0.88966
0.30108	-0.48585
0.23964	-0.54828
0.26509	-0.42804
0.31318	-0.25565
0.36591	-0.33297
0.40746	-0.19827
0.34858	-0.56218
0.29569	-0.50203
0.34555	-0.16048
0.60528	-0.41224
0.17361	-0.62489
0.16941	-0.3343
0.14345	-0.35793
0.17727	-0.59324
0.53254	-0.4692
0.026733	-0.26669
0.11181	-0.55243
0.063213	-0.44027
0.29188	-0.48914
0.24337	-0.62395
0.44507	-0.46111
0.29163	-0.33444
0.29114	-0.23696
0.3849	-0.4248
0.34187	-0.54232
0.43285	-0.67105
0.28347	-0.13227
0.015143	-0.40373
0.31621	-0.26304
0.016052	-0.2375
0.30005	-0.50001
0.62092	-0.47482
0.26714	-0.57934
0.40877	-0.74933
0.35505	-0.49226
0.2287	-0.4559
0.2699	-0.42076
0.22752	-0.78298
0.30188	-0.49714
0.13367	-0.43508
0.30207	-0.66803
0.26903	-0.4508
0.28857	-0.5057
-0.019142	-0.27932
0.23853	-0.60142
0.0082709	-0.54706
0.24275	-0.83236
0.3172	-0.56781
0.17462	-0.12998
0.12742	-0.55269
0.0051714	-0.24996
0.287	-0.52642
0.24884	-0.39438
0.46851	-0.82912
0.30987	-0.51923
0.58616	-0.43028
0.54853	-0.46541
0.45855	-0.48643
0.05357	-0.80322
0.56495	-0.52475
0.35981	-0.69401
0.13934	-0.41321
0.061334	-0.70769
0.4198	-0.71505
0.25376	-0.67275
0.3521	-0.49929
0.22201	-0.56838
-0.085555	-0.53206
0.29444	-0.49396
-0.0053375	-0.58025
0.52291	-0.45994
0.27102	-0.89463
0.64176	-0.68942
0.30326	-0.49071
0.42589	-0.29745
0.54836	-0.57172
0.25726	-0.41528
0.49902	-0.48589
0.47581	-0.59416
0.30986	-0.47647
0.19509	-0.48721
0.28999	-0.45525
0.50529	-0.57343
0.24417	-0.44776
0.30017	-0.60791
0.13471	-0.63263
0.37811	-0.44568
0.040132	-0.46973
0.29013	-0.50343
0.34669	-0.49886
0.21887	-0.54944
0.25143	-0.35276
0.56254	-0.61233
0.030868	-0.37635
0.65993	-0.40507
0.57672	-0.57035
0.41202	-0.38887
0.21538	-0.50185
0.1941	-0.84721
0.31078	-0.40532
0.39467	-0.47783
0.2976	-0.51024
0.23618	-0.39966
0.44974	-0.68399
0.39779	-0.62958
0.3934	-0.44341
0.02175	-0.23927
0.33501	-0.40165
0.22265	-0.53847
0.17912	-0.57236
0.55435	-0.44869
0.42106	-0.27288
0.37698	-0.4488
0.59591	-0.23131
0.10538	-0.81834
0.26412	-0.25489
0.13344	-0.82236
0.41854	-0.42769
0.26514	-0.48294
0.058109	-0.63559
0.47931	-0.65651
0.51862	-0.80426
0.35051	-0.83684
0.30321	-0.2056
0.34732	-0.82269
0.21599	-0.36297
0.39231	-0.35298
0.21857	-0.62623
0.24707	-0.51172
0.21127	-0.75432
0.31186	-0.47979
0.35858	-0.69129
0.16826	-0.83517
0.57314	-0.46792
0.066701	-0.77898
0.15831	-0.39239
0.3099	-0.6391
0.36807	-0.8928
0.40153	-0.42208
0.36972	-0.47219
0.098276	-0.64655
0.078506	-0.66865
0.040662	-0.65077
0.19526	-0.34426
0.27306	-0.45597
0.21851	-0.52943
0.32176	-0.51894
0.20081	-0.62516
0.44991	-0.60611
0.32348	-0.44579
0.2664	-0.45468
0.37274	-0.5303
0.13051	-0.6973
0.19929	-0.63348
0.2589	-0.40198
0.42281	-0.69132
0.49015	-0.17
0.092857	-0.52325
-0.028043	-0.29446
0.32301	-0.35612
0.048186	-0.63358
-0.0449	-0.35943
0.54407	-0.36498
0.65557	-0.49551
0.61926	-0.59678
-0.054697	-0.63705
0.20838	-0.51551
0.25453	-0.63822
0.27349	-0.83625
0.33504	-0.48406
0.59726	-0.70757
0.28964	-0.51446
0.55438	-0.60579
0.28319	-0.49566
0.38434	-0.78779
0.43003	-0.27582
0.12345	-0.30966
0.57204	-0.74335
0.48582	-0.71775
0.31259	-0.46571
0.32368	-0.31955
0.56956	-0.60367
0.34376	-0.56446
0.29479	-0.53394
0.63013	-0.56379
0.29706	-0.44923
0.50876	-0.69945
0.39586	-0.48397
0.097582	-0.4915
0.34381	-0.54097
0.20178	-0.46094
0.31336	-0.50656
0.32004	-0.50819
0.43339	-0.56133
0.52313	-0.75733
0.1481	-0.35918
0.22586	-0.4913
0.30029	-0.50046
0.57035	-0.60866
0.38927	-0.53779
0.049799	-0.41006
0.17933	-0.73759
0.25043	-0.53199
0.31737	-0.45645
0.31121	-0.47412
0.13771	-0.68065
0.45019	-0.57628
0.31667	-0.48041
0.21953	-0.13822
0.47487	-0.45055
0.12993	-0.81071
0.54636	-0.65072
0.26262	-0.45244
0.09752	-0.43889
0.33631	-0.48525
0.25108	-0.46046
0.31858	-0.39831
0.19835	-0.49771
-0.057434	-0.55074
0.091007	-0.2437
0.29201	-0.61263
0.46317	-0.61607
0.29791	-0.49667
