0.090097	0.56511
0.30176	-0.49828
0.20087	-0.58861
-0.42015	-0.41196
-0.77706	-0.32665
0.65301	0.56637
0.70469	0.77092
-0.03945	0.43879
-0.28236	-0.12485
0.4718	0.58617
-0.41038	-0.22959
-0.24798	0.91417
-0.54941	0.77237
0.86293	0.23916
-0.51068	-0.20051
0.56596	0.4625
0.58976	0.50703
0.55112	0.31232
-0.43815	-0.19441
0.22068	-0.54841
0.52258	0.32424
0.51023	0.29389
-0.27366	0.44241
0.33927	-0.6017
0.91938	0.43718
-0.43931	-0.19017
0.77962	0.32516
-0.47109	-0.20282
0.84859	0.45662
0.30933	-0.51413
-0.066857	0.50614
0.60598	0.81124
0.70758	0.73294
0.44099	0.30757
-0.49187	-0.21726
0.85565	0.77246
-0.54131	-0.43681
0.40896	-0.43727
0.40387	-0.19019
0.32872	-0.65966
-0.50538	-0.20646
0.22638	0.62878
0.92167	0.60888
-0.30537	-0.024623
0.35214	-0.46019
0.55462	0.58573
0.38449	0.69975
-0.7117	-0.031582
-0.18235	0.60558
-0.30224	0.60322
-0.091221	-0.42528
-0.72466	0.11906
-0.33886	0.39443
-0.81593	0.015953
0.34011	-0.46079
0.39405	-0.55633
-0.50676	-0.14582
-0.08414	0.88115
-0.11505	0.70507
-0.28908	0.59294
-0.30312	0.58326
-0.37858	0.26111
-0.46806	-0.071398
-0.40577	0.59439
-0.62519	-0.022325
-0.015212	-0.45022
0.34026	-0.45495
0.38099	0.49121
-0.38962	0.41406
-0.30914	0.59527
0.58089	0.66044
-0.6952	-0.18865
-0.22479	0.74102
-0.24295	-0.2105
0.77859	0.23549
0.97424	0.42908
-0.094518	0.29012
-0.51244	-0.18179
0.13346	-0.4659
-0.36008	0.62803
0.049618	0.4553
0.5725	-0.61597
-0.3355	0.015012
-0.22652	0.50111
-0.084371	0.50568
0.18616	-0.42629
0.18708	-0.72196
-0.22292	0.40469
0.62816	0.27633
-0.43475	-0.19643
0.9003	0.76401
-0.33841	0.92388
0.18763	-0.5065
0.29112	-0.51504
-0.45129	0.54427
0.60513	0.49566
0.3125	-0.66226
0.84035	0.38908
0.37742	-0.41975
0.46633	0.54578
0.46177	0.2106
-0.33935	0.13352
0.87588	0.7382
0.19745	-0.67151
0.79218	0.73962
-0.32855	0.22406
-0.39222	0.23063
0.8681	0.38681
0.29286	-0.49664
0.72526	0.59645
0.39247	0.55957
-0.6733	0.10875
-0.6874	-0.36981
-0.40377	-0.51317
-0.34493	0.76634
-0.75027	-0.29352
0.26774	0.60017
-0.31745	0.48447
0.58216	-0.36092
0.28669	-0.47622
-0.27201	-0.27543
-0.37117	-0.28888
-0.65359	-0.25648
-0.15556	0.49979
0.24227	-0.65756
-0.043643	0.32415
-0.63681	-0.054205
-0.83613	-0.039371
0.5874	0.47279
-0.31767	-0.25362
0.066723	-0.38585
-0.25734	0.26243
-0.28135	0.68826
0.16065	-0.7487
0.89851	0.72824
-0.8068	-0.21653
0.28885	-0.8318
0.35684	-0.37334
-0.26953	-0.049203
-0.43747	-0.348
0.29397	-0.53122
-0.41986	-0.067159
-0.50963	-0.19664
0.63526	0.54166
-0.72305	-0.2775
-0.46492	0.34246
-0.58704	-0.58514
-0.33092	-0.088272
-0.09694	0.65377
0.28017	-0.34348
0.10121	-0.49518
0.55251	0.50582
0.42192	-0.49431
0.3291	-0.4431
-0.4618	0.58898
-0.39909	0.68032
0.50963	-0.78016
0.49129	0.50448
0.31317	0.57005
-0.29411	0.81475
0.39547	-0.14193
0.71858	0.36562
-0.051857	0.58962
-0.5262	-0.17021
-0.30769	0.60384
0.4975	-0.60809
-0.63366	0.39248
0.35169	-0.59757
0.44789	-0.63276
0.56649	0.52503
-0.56927	-0.038139
-0.63084	-0.40838
0.46124	0.55605
0.35813	-0.58021
-0.20404	-0.041377
0.38497	-0.16582
-0.20405	-0.10695
-0.74732	-0.4121
-0.39225	0.090264
-0.47775	0.38805
0.55273	0.39754
0.90933	0.62994
0.3997	0.48783
0.52678	0.24443
-0.64992	0.64642
-0.49141	-0.39392
0.10359	-0.61285
-0.29958	-0.34291
0.31759	-0.61609
-0.41256	0.81986
0.74038	0.79532
0.57853	-0.42618
0.39754	-0.18239
-0.51003	-0.18168
-0.18419	0.89023
0.34751	-0.12969
-0.1999	0.60476
-0.54795	0.77339
0.65194	-0.59545
0.76071	0.53772
-0.63964	-0.093901
-0.42978	0.4496
0.27729	0.43029
0.46556	0.43279
0.30002	-0.43212
-0.52598	-0.54964
0.62624	0.36891
-0.58867	-0.15466
0.18096	-0.34032
0.56909	0.16848
0.51488	-0.83412
0.3669	0.29337
-0.57486	0.75694
-0.52129	-0.24361
0.5434	0.18101
-0.59856	0.54102
0.11162	-0.22696
-0.67321	0.10197
0.30251	-0.62586
-0.63791	-0.24439
0.37605	0.21511
-0.64132	0.64147
-0.54264	0.45019
-0.13977	0.87172
0.61586	0.5295
-0.37604	-0.48674
0.57464	0.38474
0.95563	0.5988
-0.32153	0.83866
-0.49291	-0.18289
-0.30096	-0.1424
0.072502	-0.82888
0.62588	0.59958
-0.14443	0.61652
-0.34447	-0.014816
0.91277	0.62012
-0.50622	-0.35267
0.5013	-0.5826
-0.32808	0.66373
0.35872	-0.6951
-0.48576	-0.13729
-0.27998	0.93526
-0.39044	0.51511
-0.49814	-0.20035
-0.01933	0.72625
-0.0087314	0.56278
0.15906	-0.26867
0.13042	-0.83045
-0.33214	0.89196
0.081864	-0.22836
0.62464	0.75844
0.5885	0.42407
0.66225	0.358
0.62218	-0.53993
0.24243	-0.39954
0.32566	-0.49746
0.54392	0.46865
0.94438	0.66698
-0.46368	-0.24486
-0.55802	-0.22951
-0.17402	-0.38404
-0.69015	-0.35814
-0.37367	0.65417
0.65255	-0.58058
0.49255	0.83353
-0.62053	0.041021
0.28558	-0.47681
-0.08466	0.79636
-0.51843	-0.12536
0.91187	0.59267
0.56136	0.56645
0.80962	0.52138
0.12773	-0.66168
0.37147	-0.4846
0.048452	0.71563
0.57663	0.52185
-0.39091	0.049065
0.43654	-0.79557
-0.5842	0.1656
-0.39702	-0.38597
0.77337	0.46504
-0.43225	-0.45012
0.48597	-0.4229
0.67502	0.46235
0.61092	0.47195
-0.70709	-0.19541
-0.48041	-0.2085
-0.5162	-0.35896
-0.60894	0.78567
-0.24823	0.81596
-0.45662	-0.1901
0.65233	0.52033
-0.17903	0.38808
-0.46902	-0.4578
0.60755	0.59406
0.92006	0.51823
0.59636	0.5078
0.44772	0.46817
0.21128	-0.54522
0.5861	-0.55769
0.20775	-0.58421
0.35401	-0.80896
-0.17073	0.36743
-0.57909	-0.056912
0.19452	-0.74921
-0.51663	-0.3035
0.51057	-0.15992
-0.3934	-0.21127
-0.49694	0.93919
0.3525	-0.20399
-0.44005	-0.27676
0.11608	-0.22288
0.30298	-0.30842
0.70956	0.3753
-0.12988	0.52594
0.64571	0.49423
0.69456	0.19398
-0.42178	0.67502
-0.54895	-0.14402
-0.28461	0.60046
0.58864	0.52901
0.30021	-0.23915
-0.021056	-0.6519
-0.14337	0.49706
0.51942	-0.26863
0.44818	-0.39964
-0.51274	-0.20728
0.73481	0.19959
-0.65228	0.022749
0.92357	0.70066
0.37466	-0.4668
-0.16019	0.41309
-0.4438	-0.097288
-0.56638	-0.075145
-0.67934	-0.043813
0.32131	-0.5788
0.74878	0.39433
0.54157	0.58378
0.01878	0.6657
0.052113	-0.35324
0.5922	0.48078
-0.50185	0.13515
0.5451	0.61996
0.31061	0.68615
-0.12731	0.47793
0.2467	-0.62837
0.29769	-0.6475
-0.47864	-0.23941
0.31866	-0.50436
0.64209	0.22337
0.58805	0.50215
-0.48145	0.94576
0.55272	-0.36399
0.28588	-0.4991
0.24905	-0.63786
-0.26847	0.37069
-0.3438	0.96602
0.85583	0.48069
0.86535	0.7044
0.2901	-0.52987
0.49343	0.59916
-0.32341	0.58206
0.21573	-0.54615
-0.30321	0.42543
-0.43333	-0.12134
0.33481	-0.52958
-0.30158	0.57785
0.20259	-0.41993
0.82723	0.19049
0.52974	0.46161
0.18479	-0.36499
0.4976	0.44637
-0.41738	-0.15135
0.78854	0.43402
-0.46864	-0.21707
0.33192	0.49884
-0.84867	-0.17701
-0.44472	-0.26826
-0.29991	0.59989
0.58622	0.75118
0.2472	-0.57124
0.27584	-0.58436
-0.32842	0.1137
0.86994	0.52143
0.43354	-0.23197
-0.13137	0.67187
0.54905	0.49133
0.18537	-0.84403
-0.37619	0.73317
-0.23449	0.54726
-0.30999	0.060103
0.13963	-0.34871
-0.49226	-0.20045
-0.36522	0.92795
0.60028	0.49985
-0.38505	0.52639
0.27985	-0.55706
0.073064	-0.42394
0.59193	0.48152
0.16769	-0.24705
0.40867	0.25875
-0.13696	0.59302
0.25623	-0.11531
0.87715	0.40539
-0.29029	0.72049
0.28887	-0.48383
0.42446	0.46616
-0.55861	-0.067521
-0.59219	-0.073024
-0.51983	-0.082996
-0.34529	-0.068399
-0.14934	0.23499
-0.20897	0.34021
-0.50692	0.66785
-0.25731	0.32591
0.57556	0.39283
0.84445	0.32354
0.33069	-0.46873
-0.27489	0.61228
-0.75101	-0.102
-0.49475	-0.58284
0.5889	0.52437
0.28457	-0.45375
-0.82802	-0.28986
0.13413	-0.56559
-0.37936	-0.010114
0.54628	0.30864
-0.48614	-0.032846
-0.062487	0.73407
0.48672	0.46716
0.62377	0.47691
-0.29302	0.60372
0.69113	0.48329
-0.58347	-0.46125
0.33112	0.57973
0.61481	0.52901
-0.6749	-0.32835
0.57978	0.4771
0.57547	0.55826
0.97498	0.58233
-0.24845	0.54898
0.50276	0.64895
0.34806	0.38904
-0.3874	-0.27256
-0.64506	0.52074
0.63822	0.17718
-0.2186	0.068649
0.34064	-0.4327
-0.44398	0.65985
-0.32788	0.36155
0.32925	-0.23848
0.55162	0.74921
0.64029	-0.38801
0.59786	0.48851
0.58955	0.57812
-0.1767	0.66898
0.61129	-0.61271
-0.12476	-0.25852
0.52942	-0.77335
0.62484	-0.28522
0.60607	0.50056
0.81905	0.23154
0.37962	0.62329
0.038826	-0.69524
0.6061	0.46664
0.19864	-0.2027
-0.4458	0.42993
0.57704	-0.21673
0.41983	-0.33859
0.5496	0.35975
-0.020384	0.46347
-0.36661	-0.56132
-0.54877	-0.20296
-0.17164	0.58717
-0.47296	0.35573
0.41817	-0.32716
0.58797	0.5356
0.42234	0.78613
0.55417	-0.37731
0.24238	-0.29345
0.68797	0.34294
-0.36705	0.78069
-0.4261	-0.46388
0.4777	0.51418
-0.30208	0.92047
-0.31154	0.36395
-0.30455	0.59929
0.27414	-0.48271
-0.20674	0.63033
-0.59115	-0.23572
-0.56391	-0.23702
-0.63219	0.77853
-0.66027	-0.33482
-0.36316	0.63634
-0.28554	0.62889
0.27701	-0.23581
0.27892	0.45435
0.48663	0.51593
-0.13762	0.58152
0.51997	0.53055
-0.13049	0.35335
0.26978	-0.48302
-0.20145	0.54773
0.41157	0.53752
-0.29899	0.93716
-0.68606	-0.14617
-0.5071	-0.19903
-0.29664	0.59788
0.20606	-0.25968
-0.14962	-0.19422
0.16656	-0.20055
-0.48191	0.50321
-0.44124	0.61335
-0.4923	0.61429
-0.04796	0.54686
0.41111	0.56998
-0.25622	0.62076
0.35544	-0.11507
0.64637	0.1548
-0.24947	0.60041
0.046663	0.49441
0.811	0.63904
-0.46846	-0.41993
-0.44688	0.50121
0.36099	-0.45404
-0.53281	0.0030668
0.47437	0.67506
-0.41422	-0.29608
-0.072435	-0.62166
-0.69495	-0.3738
0.73475	0.37416
0.30702	-0.72391
-0.17444	-0.4246
0.65561	0.52515
-0.40973	0.3215
0.54125	0.45735
0.55089	-0.47995
0.47834	0.59059
-0.3707	-0.13318
-0.46909	-0.057523
0.59423	0.76417
-0.58253	-0.073508
0.48112	0.3558
0.44877	0.33499
-0.21994	-0.45988
0.059662	0.55866
0.59547	0.50095
-0.26551	0.0083785
-0.11994	0.57308
0.44462	-0.8015
-0.4685	0.17184
-0.6938	0.016973
-0.50114	-0.59163
0.31763	-0.63331
0.4793	-0.49564
0.52214	0.6021
-0.22418	0.37633
0.78289	0.42692
0.39826	-0.75467
0.33113	-0.52406
-0.34663	0.48836
0.65887	0.40942
-0.53265	-0.3006
-0.84556	-0.22939
-0.56663	-0.1997
-0.70857	0.064812
0.28391	-0.38402
-0.32889	0.69032
-0.67411	0.027679
0.4301	0.22574
-0.28003	0.60287
-0.33463	-0.10053
-0.23367	0.61065
0.24034	0.33646
0.46188	-0.42299
-0.30045	0.60827
-0.56364	-0.15865
-0.28937	0.36249
-0.50043	0.34059
-0.24574	-0.015589
0.14111	-0.72021
-0.56844	-0.159
-0.58124	0.66134
0.64589	0.52986
0.15943	-0.32065
0.26649	-0.4706
-0.55413	-0.11058
0.22079	-0.58706
-0.46401	0.92123
-0.30154	0.48181
0.28865	-0.25312
0.28922	0.26074
0.32068	0.78069
-0.41782	-0.16597
0.15622	-0.6497
0.31279	0.43898
0.44354	-0.37503
0.27583	0.4657
-0.79892	-0.0080938
0.35122	0.48563
-0.21377	-0.46504
0.44412	0.71583
0.24213	-0.49518
0.41029	-0.18625
0.70165	0.64168
0.29615	-0.49223
-0.52745	0.62699
-0.17741	0.4336
-0.45706	-0.22387
0.28157	0.49694
-0.081667	0.45576
0.22233	0.48126
-0.24641	0.6787
-0.45124	0.039641
-0.16173	0.57648
0.62591	0.49177
0.78396	0.56161
-0.18772	-0.24426
0.64342	0.4957
-0.5206	-0.56576
-0.60573	0.60691
-0.47432	-0.14505
-0.50179	-0.19479
-0.56663	-0.30859
0.55348	0.56477
-0.44904	-0.21366
0.5651	0.37937
-0.47039	-0.19845
0.59462	0.25204
0.5997	0.79922
0.50866	0.5198
-0.50877	0.39069
-0.73431	0.032099
0.29947	0.28847
0.71212	0.23926
-0.49973	-0.23767
-0.53035	-0.54304
-0.31122	0.38783
-0.1945	0.54903
-0.33443	-0.30727
-0.098468	0.56763
-0.23385	0.28984
0.58158	0.49155
-0.48939	-0.2125
-0.41822	0.83423
-0.77856	-0.20356
-0.49767	0.31957
-0.17466	0.57352
0.26947	-0.75375
-0.5073	0.60699
-0.04447	0.68033
0.26906	-0.55627
-0.39129	0.3992
-0.030536	-0.27922
0.56146	-0.24768
-0.32442	-0.22925
0.91667	0.28312
0.83367	0.3782
-0.82736	-0.31133
-0.32789	0.42584
0.70188	0.5585
0.26286	-0.14081
0.5496	0.48926
0.31278	-0.4974
0.48483	0.70356
0.063587	-0.37826
-0.34289	0.6071
-0.27602	0.61839
-0.26332	0.68089
-0.28292	-0.10957
0.25845	-0.53435
-0.31447	0.057085
-0.0034341	0.81832
-0.50109	-0.35785
0.61878	0.35559
0.25893	-0.54251
0.19436	-0.68619
-0.57698	0.49524
0.22683	-0.46274
0.64157	0.56146
-0.45011	-0.19348
-0.34831	-0.25311
0.26954	0.44783
-0.24863	0.52608
-0.083427	0.81793
-0.55944	-0.25326
-0.50273	-0.088624
-0.83974	-0.14701
-0.48536	-0.13827
0.73144	0.58581
-0.34253	0.58359
0.33411	0.47938
0.5598	-0.36347
-0.82905	-0.28443
-0.50545	-0.20172
0.3619	0.61172
0.29596	-0.47317
-0.43611	-0.14814
-0.20977	0.74666
-0.67831	-0.5399
-0.42736	0.58272
0.24187	-0.57559
-0.12925	-0.25122
0.19838	-0.72796
0.80299	0.59285
-0.86975	-0.22253
-0.65532	0.75461
0.18701	-0.82291
-0.58971	-0.18184
0.44099	-0.27541
-0.39645	0.35833
-0.25908	-0.12804
-0.40287	0.31314
-0.42113	-0.17992
0.62333	-0.63359
-0.031568	0.80627
0.49198	0.49276
0.56901	-0.54918
-0.37806	0.70534
-0.39787	0.70537
0.27135	-0.53352
-0.10309	0.26918
-0.33843	0.71976
0.56003	0.89102
0.4743	0.72521
0.28329	-0.55754
-0.36478	-0.24694
-0.62833	-0.34477
-0.37924	-0.10935
0.20435	-0.53425
0.70744	0.40184
-0.5101	-0.22377
-0.38943	0.33827
-0.17429	0.8827
0.29935	-0.36041
-0.53169	-0.21167
-0.23861	0.62076
-0.37364	0.79458
0.55254	0.47995
0.42477	-0.45074
-0.36236	0.39955
0.60702	-0.36753
0.50898	0.3693
-0.31994	0.58924
-0.65359	-0.32537
-0.39291	0.57604
-0.56214	-0.15099
-0.26473	0.59112
0.56668	-0.4362
0.41528	-0.36645
-0.65986	0.43996
0.10667	-0.38817
-0.48996	-0.1828
0.48426	0.39119
0.70851	0.46509
0.30346	-0.89722
0.30835	-0.18828
-0.47408	0.71477
0.76374	0.70618
-0.37741	0.61765
0.3239	-0.48723
-0.47298	0.58025
0.32436	-0.5016
0.27762	-0.38002
0.28592	-0.5284
0.50782	0.50498
-0.49842	-0.22758
0.53154	0.46377
0.14766	-0.58105
-0.23712	0.42444
0.44468	0.42845
0.22939	-0.40272
0.36734	0.39923
-0.40507	0.51606
0.49765	0.82335
0.45445	0.54987
-0.1185	0.5983
-0.33163	-0.2583
-0.29442	-0.046253
-0.085096	0.39765
-0.29567	0.70171
-0.55811	-0.076104
-0.37124	-0.36488
-0.52691	-0.51375
-0.47597	-0.18564
0.44153	-0.5862
-0.28947	0.64846
0.60324	0.48809
0.41446	0.26525
0.53772	0.48889
-0.41428	0.081358
0.10198	-0.16027
0.54641	0.43873
-0.58648	0.77901
-0.58772	-0.26574
0.25174	-0.55296
0.76938	0.5124
-0.11023	0.43976
-0.33308	0.077503
0.29595	-0.50221
-0.39373	-0.46018
-0.27245	0.5355
0.46577	0.49759
-0.42302	0.71874
-0.30145	0.59878
0.15876	-0.49802
0.43504	-0.39669
0.59806	0.37223
-0.31997	0.57319
0.53087	-0.22413
-0.27517	0.6064
0.17726	-0.28599
-0.013109	-0.35949
-0.3631	0.4275
0.36817	0.73079
0.17648	-0.22851
0.68874	0.57269
0.74625	0.18913
-0.23965	0.70549
-0.35644	-0.20384
0.41919	0.46821
0.59627	0.47709
-0.39858	0.62103
-0.063854	0.58157
-0.51501	-0.2968
-0.3317	0.6003
-0.38972	-0.18197
0.24261	-0.5636
-0.57527	-0.1859
-0.61657	0.55265
0.12095	-0.7382
0.45862	0.4357
-0.15256	0.54872
-0.48536	0.56088
-0.046939	-0.61784
0.61179	0.58651
-0.21854	-0.46509
0.59896	0.49804
0.74601	0.40107
0.56951	-0.39725
-0.1045	0.67016
-0.7086	-0.092545
0.59561	0.11726
-0.0064052	-0.71999
-0.28875	0.6474
0.3398	-0.25767
-0.46286	0.34115
-0.49648	-0.19386
-0.35381	-0.053898
-0.88833	-0.26034
0.5635	0.62044
-0.48118	0.47527
0.37166	-0.51055
0.30688	0.34537
-0.54977	0.86703
-0.34997	-0.055985
0.41739	0.54461
0.4726	-0.28904
-0.36569	0.74821
0.64469	0.72512
-0.54357	0.14206
-0.24484	0.48519
-0.4978	-0.18311
-0.8767	-0.11052
-0.30779	0.58594
-0.51543	0.52907
-0.49831	-0.21767
-0.50517	-0.17883
-0.69756	-0.22075
-0.52089	0.12681
0.76052	0.51736
0.60665	0.21678
0.63801	0.59241
-0.3908	-0.46414
0.31593	-0.38065
-0.30918	0.54747
0.36213	-0.49835
-0.73841	-0.28574
0.29023	-0.41772
-0.60608	-0.15731
-0.71087	-0.22917
0.876	0.68177
0.3711	0.62469
0.76775	0.44977
-0.0054427	-0.69454
-0.22432	0.61599
0.3358	0.45865
-0.41044	-0.16267
-0.66707	-0.34066
-0.77407	-0.47189
-0.0073015	0.4787
-0.50379	-0.40236
0.54005	0.28721
0.34434	-0.52
-0.46435	-0.1877
0.3388	0.34262
0.50481	0.44237
-0.6885	-0.11442
0.63002	0.44034
0.61954	0.60318
-0.50598	-0.21856
-0.3217	-0.27066
0.86328	0.33028
-0.49883	-0.20169
-0.42739	-0.22459
-0.65021	0.69489
-0.40336	0.45677
0.78065	0.54506
-0.67097	-0.03
0.37886	0.1721
-0.63097	-0.065482
-0.38308	0.45979
0.56306	0.63588
0.37081	-0.40899
-0.33195	-0.31554
0.41154	0.36587
-0.35044	0.58201
0.93035	0.64584
-0.40529	-0.43641
0.45138	0.74938
0.3965	0.67905
0.059994	-0.70862
0.8206	0.58689
0.13487	-0.35
0.39668	-0.71357
0.56176	0.5264
-0.36104	-0.08628
0.34193	0.52152
-0.49341	-0.25503
-0.49026	-0.21985
0.45269	-0.45464
-0.25865	0.53301
0.13704	-0.64127
-0.31309	0.6284
-0.40092	-0.58119
0.079349	0.71235
-0.284	0.6761
0.70063	0.54429
-0.31639	-0.12516
0.10123	-0.61099
0.36321	0.2044
0.586	0.13926
0.66749	0.3113
-0.25779	-0.22863
0.62202	0.53271
-0.58294	0.8543
-0.35823	0.67719
0.58607	0.50024
-0.7582	-0.2048
-0.22372	0.8174
-0.59938	-0.25147
-0.50358	-0.12214
-0.47125	-0.11467
0.85906	0.55117
0.25071	-0.49284
0.6133	0.63718
-0.1087	0.45834
-0.4169	-0.17437
0.27015	-0.50518
-0.57591	-0.17713
0.1669	-0.26742
-0.39334	-0.51325
0.55544	-0.50683
-0.72029	0.015064
0.4692	-0.17472
0.33741	-0.67176
-0.59089	-0.018074
0.56205	0.51563
0.30125	0.54639
0.29503	-0.49728
-0.39272	-0.24015
0.27089	-0.6007
-0.22661	-0.28079
0.56006	0.59644
0.40512	-0.49473
0.61926	0.85979
0.59876	0.40975
0.31547	-0.30125
0.49792	-0.63627
0.37455	0.57932
0.053878	-0.33964
0.79044	0.21602
-0.48535	0.65699
-0.54938	0.75353
-0.60931	-0.45014
-0.10167	0.43325
0.8987	0.67595
-0.58203	0.086302
0.20711	-0.37627
0.65053	0.4368
0.80353	0.64904
-0.44776	-0.34029
-0.42915	0.17509
-0.46117	0.47725
0.28905	-0.68233
0.55225	-0.53743
0.48689	0.30129
0.6848	0.53425
-0.52091	-0.24962
-0.50355	-0.21031
-0.56377	-0.10127
-0.33358	0.79719
-0.27419	0.38916
0.17474	-0.25872
-0.60542	0.18539
-0.27198	0.45529
0.60137	0.50487
0.30527	-0.17519
-0.42837	-0.25575
-0.72197	-0.25448
-0.53474	0.15003
0.59155	-0.4389
0.48541	0.29585
0.56095	0.59141
-0.17382	0.87105
0.082992	-0.62875
0.58661	0.6541
0.43696	0.30759
-0.55712	-0.32676
0.028655	-0.5684
-0.36894	0.51989
-0.42921	-0.10492
-0.83946	-0.35235
0.49304	0.3502
-0.30031	0.59252
0.32073	0.42895
-0.44462	-0.13701
0.77491	0.46569
0.39327	0.59214
0.24328	-0.37934
-0.54973	-0.26117
0.59144	0.39392
-0.38656	0.76082
-0.29696	0.3097
-0.12165	0.69437
0.73921	0.61886
0.069636	0.57641
-0.30955	0.65419
0.30072	0.39818
-0.23645	0.36195
-0.39878	-0.2321
-0.27095	0.64717
0.61838	0.49916
-0.11685	0.86075
0.57632	0.75917
0.19668	-0.38849
-0.666	0.75402
0.59105	-0.39388
0.87634	0.39499
0.58145	0.47405
0.29922	-0.33488
0.081862	-0.67863
0.022546	0.74441
-0.54082	0.88445
-0.13813	0.466
-0.79888	-0.23463
0.66206	0.51083
-0.55163	-0.1212
0.30635	-0.51965
0.67444	0.67039
0.0086297	-0.61008
0.74032	0.55537
0.73026	0.6386
-0.21146	0.73129
0.9006	0.30505
-0.1267	0.49886
-0.23056	-0.11
-0.39743	-0.45069
-0.7486	-0.38852
-0.29123	0.30534
-0.42583	-0.07042
0.20293	-0.16896
-0.14178	0.71186
0.18421	-0.50276
0.63655	0.89483
0.94667	0.49916
-0.28822	0.65153
-0.29923	0.60175
-0.46572	0.12634
0.26392	0.67457
-0.35571	0.68786
0.58159	-0.24952
0.51269	-0.46542
-0.72708	-0.13537
0.83354	0.43185
0.57974	0.3833
0.34018	-0.53554
0.49327	0.36976
0.62769	0.48004
-0.15352	0.57986
-0.57915	-0.23368
-0.12569	0.56109
-0.52834	0.074584
-0.51377	-0.23043
0.29675	-0.45968
-0.57517	0.044156
0.54939	0.4847
-0.11028	0.68598
-0.57913	-0.24348
-0.33182	0.61013
0.62409	0.44502
-0.32668	0.55221
-0.39558	0.76596
-0.30689	0.60129
-0.32295	-0.51592
0.83599	0.18943
0.52598	-0.38257
0.65419	0.49247
0.23683	-0.29237
0.2063	-0.67334
-0.10655	0.90049
0.10915	-0.45734
0.361	0.57014
-0.55986	0.41477
0.5757	0.55628
-0.27685	0.04982
-0.13644	0.57936
0.73676	0.35842
-0.60863	0.07234
-0.23065	0.54961
-0.1195	0.32775
-0.46473	-0.31082
0.44752	-0.51666
0.66279	0.34203
0.055541	0.76947
0.77236	0.22495
-0.36274	0.76578
-0.47373	0.70542
0.85987	0.53888
-0.13895	0.58822
-0.71406	-0.52021
0.19651	-0.34913
0.27361	-0.50934
0.074364	-0.51479
-0.52128	-0.32696
0.5783	0.39473
0.042765	-0.3871
-0.29379	0.93045
0.50076	0.69795
0.57213	0.72003
-0.32723	0.6171
-0.65525	0.60222
-0.30012	0.68693
0.25754	-0.59311
-0.43557	-0.040817
0.35702	0.54806
0.1157	-0.37057
0.19481	-0.5076
0.31359	-0.55225
0.64384	0.61139
0.28149	0.70144
-0.73383	-0.34831
0.60792	-0.5363
0.60882	-0.45328
0.37629	-0.53353
0.40055	0.77338
0.25946	0.63992
0.018475	0.59782
-0.44338	-0.16386
-0.64155	-0.4365
-0.14524	-0.08007
-0.059419	0.6819
-0.58161	-0.35874
0.32053	-0.36682
-0.81208	-0.42537
-0.71591	-0.33537
-0.47245	-0.11201
-0.29293	0.94054
-0.24325	-0.31815
-0.22927	-0.16953
0.50618	0.61172
-0.29895	0.91407
-0.61535	0.0070975
-0.18571	0.31772
0.40891	0.61959
-0.32351	-0.17108
-0.20672	-0.22487
0.70963	0.39383
0.59695	0.49444
0.30748	-0.60003
-0.062273	-0.5788
-0.6372	-0.40189
0.099357	-0.56495
-0.22379	-0.1248
-0.60997	-0.38652
-0.45941	-0.42612
-0.79581	-0.24801
-0.18689	0.37349
0.091554	-0.53912
-0.73277	0.055705
-0.7558	0.050232
-0.4654	-0.22004
-0.40348	0.44479
-0.48151	-0.1563
-0.57355	-0.37982
-0.26694	0.61399
0.35951	0.27407
0.34021	0.59404
0.36581	0.62856
0.58502	0.50431
0.38253	-0.70675
-0.036868	0.61764
-0.21144	0.68275
0.7989	0.33499
0.37186	-0.57746
-0.26519	0.63038
-0.13676	0.67653
0.58142	0.17043
-0.54087	-0.21893
-0.35958	0.37882
-0.10833	0.82859
0.21549	-0.17046
-0.60787	0.084983
-0.21943	0.67698
0.47894	0.33538
0.60586	-0.58388
0.64225	0.41501
-0.49071	0.42087
0.60513	0.49537
0.38613	0.48776
-0.23466	0.75682
0.35228	-0.11149
-0.3942	0.55861
-0.47086	-0.16651
0.50433	-0.59266
0.62453	0.62362
-0.46142	0.14646
-0.41485	0.40945
0.35147	-0.55621
-0.46117	-0.19416
-0.33794	0.55338
0.55893	0.35383
0.71876	0.79377
0.31028	-0.53901
0.78921	0.77175
0.33691	0.28417
-0.35362	0.656
-0.84331	-0.22063
0.56978	0.57746
0.62445	0.51692
-0.52869	-0.11951
-0.22318	0.91477
0.31602	-0.46295
0.57407	0.73706
0.56271	0.34175
-0.42906	0.89641
0.16184	-0.50054
-0.46625	0.64659
-0.66748	-0.33942
0.49684	0.30779
-0.007926	-0.52117
0.60451	0.70632
-0.40904	-0.086338
-0.2426	0.81139
0.098456	-0.65659
0.2815	-0.82189
-0.0019031	0.46708
0.24903	0.46817
0.0072773	-0.3752
0.52805	0.80549
0.40587	0.29376
-0.21307	0.69684
-0.4735	0.94107
0.60905	0.57409
-0.37417	0.38754
-0.28129	0.5522
-0.21026	-0.35189
-0.35428	-0.42744
-0.40691	-0.24382
0.15595	-0.24741
-0.41776	0.49364
-0.5069	-0.35027
-0.15352	0.91585
-0.57654	-0.41708
-0.22176	0.076564
0.39987	0.47031
-0.74305	0.077806
-0.25867	0.91165
0.60188	0.57333
-0.13882	-0.099234
-0.3257	0.11698
-0.28901	0.59665
0.80263	0.31239
0.13411	-0.60203
0.74461	0.66062
0.68138	0.54899
0.42437	-0.66481
0.46216	-0.5159
0.49705	-0.55773
0.23268	-0.79062
-0.46886	-0.27565
0.42825	0.48132
0.4325	-0.48818
-0.020267	-0.43125
0.35109	-0.44247
0.267	-0.36866
0.72045	0.47319
-0.63623	-0.28543
0.58825	0.48476
0.3298	-0.50192
-0.10611	0.50777
-0.35708	0.56564
-0.57648	-0.2702
-0.51503	-0.26265
-0.22866	-0.16097
-0.84799	-0.16627
-0.37716	0.56459
-0.23672	-0.16688
-0.2963	-0.21207
-0.14784	-0.30701
-0.62497	-0.12343
-0.61557	-0.17569
-0.69952	-0.36075
-0.16483	0.41748
0.27909	-0.52511
-0.1433	0.87126
0.25045	-0.76202
0.4149	0.6259
-0.11709	0.88136
-0.010643	0.71106
0.24345	-0.61768
0.65455	0.64925
0.3335	-0.62169
-0.41714	0.6375
0.23527	-0.45894
-0.73971	-0.34393
0.56467	0.51097
-0.32142	0.62052
0.40858	0.83593
-0.30634	0.58639
-0.23108	0.64863
-0.34435	0.37435
-0.53286	0.27958
0.81551	0.70685
0.38446	-0.45735
-0.23384	-0.025143
0.47353	-0.66696
0.73034	0.34147
0.83721	0.35895
0.0015566	-0.4322
0.11816	-0.4402
-0.28675	0.59516
0.23389	-0.36992
-0.39162	0.51716
0.35342	-0.74543
-0.51362	0.3805
0.45222	0.77036
-0.26356	0.23657
0.35224	0.19203
-0.42115	-0.18882
0.53789	0.48231
0.47237	-0.3337
0.52613	0.32227
0.50495	0.58888
-0.45197	-0.56726
0.58974	0.47473
-0.45575	-0.043745
0.64771	0.36639
0.62908	0.57424
-0.34416	-0.030793
0.33312	-0.66439
-0.28095	0.56999
-0.49174	-0.19826
0.45167	0.66784
0.26749	-0.64258
0.21923	-0.7467
0.40304	0.55613
-0.39694	0.64907
0.2494	-0.31971
-0.32834	0.64832
0.3064	-0.51127
-0.72585	-0.0046974
-0.29282	0.52043
-0.51467	0.59104
-0.49975	0.089772
-0.48536	-0.19559
-0.35139	0.63563
-0.39046	0.23243
0.065577	0.7444
-0.34742	0.70533
-0.69718	0.62416
-0.51306	-0.21304
-0.65855	-0.26963
0.66649	0.43061
-0.30098	0.58809
-0.42636	0.5979
-0.27981	0.32045
0.3819	-0.88153
-0.54549	-0.31754
-0.4992	-0.18262
0.038195	-0.52634
0.017166	-0.69323
-0.32251	-0.19829
0.70724	0.37031
-0.59308	-0.2324
0.43653	-0.22577
0.52841	-0.78034
-0.60441	-0.41852
-0.35519	-0.035076
0.54993	0.56293
0.10304	-0.35062
0.613	0.4469
0.20976	-0.32403
0.38169	-0.63422
0.58612	0.53976
0.39841	0.21503
0.78776	0.466
-0.37987	0.15626
-0.69466	-0.093141
-0.46168	-0.54767
-0.15299	0.3329
0.63498	0.6088
-0.13304	-0.2398
-0.48202	0.92263
0.0046986	0.59221
0.12382	-0.39796
-0.58792	-0.55028
0.35858	-0.509
0.039386	-0.62909
0.96158	0.50211
-0.52975	0.70393
0.59116	0.45825
-0.12869	0.57803
-0.38994	-0.062968
0.58524	0.60657
-0.32005	-0.31272
-0.40647	0.6922
-0.16233	0.63708
0.74768	0.57892
-0.34951	0.34927
-0.65097	-0.19439
-0.32914	-0.12846
0.3103	-0.52485
0.24531	-0.47483
0.3341	-0.47301
0.32732	-0.48605
-0.45343	-0.47492
-0.55841	-0.39467
0.38908	-0.82392
0.56307	0.32701
0.86215	0.40393
-0.53847	-0.0073806
-0.38035	-0.090148
0.17431	-0.68847
-0.13055	-0.33739
0.26776	-0.78488
0.45574	-0.46131
-0.49854	-0.55133
-0.55608	-0.053231
-0.57819	0.11611
0.86187	0.42575
-0.31655	-0.015927
0.76131	0.46763
-0.30052	0.091938
0.036492	-0.71324
-0.028756	0.50467
0.56443	0.50526
-0.67343	-0.30141
0.41119	0.49421
-0.092037	-0.46693
0.8179	0.61639
0.61741	0.58967
0.69462	0.3062
-0.79708	-0.25197
-0.51683	0.52995
0.51187	0.42073
-0.41509	0.81905
-0.4541	-0.23245
-0.5546	-0.07915
0.62012	0.81359
-0.15775	-0.3261
0.61305	0.50521
0.59314	0.6913
-0.41397	-0.18241
-0.75388	0.002216
0.62198	0.45762
0.11032	-0.3552
0.40822	-0.4033
0.70533	0.68421
0.32103	-0.17301
0.1084	-0.5383
-0.26782	0.54689
-0.61566	0.73906
0.14208	-0.71675
-0.034111	0.70584
0.31682	-0.47939
0.039494	-0.80038
0.64329	0.55958
-0.57042	-0.060266
0.20033	-0.81059
0.25327	-0.4067
-0.62476	-0.41498
-0.16972	0.23434
-0.46046	-0.19885
0.084419	-0.54741
0.56091	0.81219
-0.1497	0.75433
0.60862	0.47813
0.27237	-0.47685
-0.28192	0.68031
-0.47002	0.66295
0.30798	-0.55023
0.31077	-0.48956
0.38747	-0.30373
-0.18686	0.82874
-0.65531	0.048679
-0.36943	0.4488
-0.1301	0.42574
0.58901	0.58111
-0.29281	0.60174
-0.097575	0.4158
-0.55745	-0.14783
-0.26438	0.39374
0.80204	0.69825
0.4346	0.44129
0.6188	0.39794
-0.43394	0.74339
-0.354	0.14502
0.60009	0.50002
-0.60222	-0.10449
0.29221	-0.50439
-0.36027	0.13301
-0.19983	0.44063
0.87138	0.45932
0.36474	-0.49799
-0.49568	-0.0016809
-0.27012	0.72159
-0.31415	0.59633
-0.63324	-0.23626
-0.62496	-0.2349
0.49788	-0.44103
-0.82676	-0.11021
-0.71448	-0.53087
-0.59161	-0.28829
0.59987	0.50149
0.8976	0.65606
0.25695	-0.64428
-0.35785	-0.22832
-0.63866	0.62442
0.3885	-0.77487
-0.41563	-0.14393
-0.19899	-0.02259
-0.29988	-0.026647
0.75705	0.56727
-0.52103	-0.21964
-0.54634	0.5401
-0.0076985	-0.53292
0.25824	-0.26302
0.4142	-0.26128
0.51852	0.48745
0.41503	0.46068
-0.26872	0.95993
-0.45042	0.36645
0.70152	0.47612
0.54243	0.51409
-0.55661	-0.151
-0.83111	-0.25604
0.42942	-0.51271
0.80852	0.41759
0.59091	0.34744
0.46771	0.4395
-0.64829	-0.02885
-0.44935	-0.12051
-0.23057	0.22854
0.65588	0.19893
0.3389	-0.4791
-0.44039	0.61644
0.46483	-0.49081
0.09122	-0.67702
-0.48864	-0.24071
-0.4396	0.34703
0.86406	0.25142
-0.33733	0.55376
-0.68758	-0.4049
0.27245	-0.1489
0.30124	-0.50858
0.21835	-0.48331
0.071366	-0.52163
-0.5137	-0.20917
0.47821	-0.25583
0.36096	-0.6531
0.273	0.59333
-0.55041	0.021855
-0.08167	0.65797
0.70857	0.58408
-0.50365	-0.05766
0.094175	-0.54122
0.42087	-0.32665
0.8239	0.79039
0.80595	0.80886
-0.21635	0.51847
-0.43377	0.10709
-0.48744	0.078688
0.056038	-0.40137
0.55252	0.36776
0.78031	0.27381
-0.37269	-0.20565
-0.25251	0.76206
-0.19575	0.86532
0.62039	0.52975
0.18644	-0.81474
-0.44824	0.035228
-0.55239	0.58829
-0.14112	0.4348
0.84835	0.21328
0.21392	-0.51917
0.28713	-0.31185
0.18423	-0.61961
0.31483	0.70877
-0.51601	-0.18271
-0.54031	0.69683
0.36041	-0.70558
0.58092	0.49234
0.48783	0.12307
0.60017	-0.69072
0.33302	-0.49331
-0.50767	0.53796
0.58383	0.59764
0.49709	-0.22818
0.46085	0.7303
0.30618	-0.48374
0.23326	-0.356
0.18613	-0.59031
0.78425	0.40578
0.85984	0.67624
0.73036	0.80049
0.57789	0.64356
0.17555	-0.25414
0.30267	-0.51203
0.79305	0.61331
-0.53249	0.63603
0.62303	0.70273
-0.6452	-0.15258
-0.66569	0.64685
-0.1558	0.25244
-0.30062	0.63054
0.32383	-0.65489
0.69458	0.39481
-0.59541	0.86034
-0.5081	0.56363
-0.6728	-0.2185
0.64598	0.40821
0.36536	-0.82149
0.47756	-0.59316
-0.52128	0.17447
-0.28713	-0.10443
-0.48719	0.15436
0.7252	0.44487
0.1247	-0.3356
-0.33541	0.52439
0.067501	0.65526
-0.23906	0.72085
-0.72054	-0.20554
0.32247	-0.55676
-0.58259	0.39849
-0.15368	0.27801
0.39241	-0.55498
0.67149	0.57308
0.2999	-0.5016
0.34177	-0.18357
0.28535	-0.45071
-0.11385	0.64824
0.42009	0.74513
-0.31024	0.62284
0.92695	0.39922
0.72071	0.67848
0.76798	0.4489
-0.67104	0.6078
-0.42776	0.71804
0.067617	-0.82349
0.16648	-0.65151
0.34503	0.23155
-0.079857	0.6412
-0.53721	-0.41222
0.41212	0.53525
0.64463	0.52963
0.20476	-0.77736
0.73763	0.47985
0.26338	-0.18228
0.19542	-0.66781
0.58643	0.48347
0.30418	-0.82553
-0.67881	-0.47582
0.49331	0.44062
0.38602	0.39161
-0.40014	-0.38603
-0.28049	0.70572
0.35341	-0.77172
-0.76384	0.098461
0.20109	-0.59631
-0.30079	0.60047
0.3158	-0.50026
0.58987	0.69538
-0.25729	0.95387
-0.71783	-0.44724
0.31276	-0.48084
-0.71254	-0.4279
-0.51005	-0.19465
-0.32501	0.76203
-0.41307	-0.55481
0.43179	-0.15073
0.40082	0.30253
-0.30796	0.56782
0.32316	-0.22184
-0.47854	-0.50147
0.12375	-0.3817
-0.57021	0.15187
0.43639	0.63823
-0.14031	0.31734
-0.13494	0.65617
0.1764	-0.65637
-0.2641	0.53523
0.47607	0.54733
-0.77311	-0.37076
-0.57422	0.38515
0.42075	-0.87909
0.14738	-0.47472
-0.076729	0.50002
-0.59049	-0.31052
-0.24423	-0.073955
-0.25388	-0.054265
0.24462	-0.83045
0.23306	-0.22378
0.6234	-0.64857
0.2444	-0.29845
0.90922	0.50685
0.65633	0.50291
-0.58867	-0.1065
-0.29927	0.32424
0.546	0.47831
0.60755	0.50882
-0.66605	0.63487
0.2311	-0.45028
0.19487	-0.71204
0.62435	0.23459
0.4295	0.85404
-0.32271	0.39458
-0.3071	0.61315
-0.39523	0.52485
-0.13738	0.35518
0.51535	-0.60682
0.39364	-0.50506
-0.22751	0.37861
-0.28928	0.65779
-0.36501	0.10936
0.52181	-0.6944
0.61383	0.49967
0.25196	-0.59797
0.19351	-0.45146
-0.24225	0.33331
-0.56995	-0.15469
-0.49007	-0.17901
0.73134	0.26376
0.36033	-0.72156
-0.47714	0.25269
0.63616	-0.68324
0.12373	-0.77662
-0.25528	0.62505
-0.31519	0.61128
0.60655	0.48986
0.64771	0.30451
-0.40858	0.57876
0.70758	0.78531
-0.16815	0.6465
0.59398	0.49041
-0.23438	0.48759
0.01375	0.72808
-0.28222	0.83139
-0.093203	0.66173
-0.37276	0.9008
0.063549	-0.53259
-0.49023	0.41223
-0.485	-0.014182
-0.47818	-0.20865
0.46847	-0.35498
-0.24327	0.66878
0.30916	-0.49083
0.44039	-0.63703
0.43481	-0.32679
-0.33242	-0.15588
-0.44528	0.95074
-0.24473	0.95188
0.58765	0.49368
0.16764	-0.50517
-0.77978	-0.18941
0.29328	-0.46136
0.1178	-0.29461
-0.79051	-0.097159
0.81556	0.4626
-0.30777	0.94643
-0.50926	-0.19775
-0.28022	0.44103
0.38878	-0.14152
0.59522	0.47537
-0.56128	0.056399
-0.13648	0.70896
-0.030071	0.71143
-0.43525	-0.49704
0.3208	-0.42526
0.1729	-0.85987
0.56883	0.55729
-0.083664	0.56235
-0.84418	-0.25609
-0.47335	-0.51937
-0.4676	-0.099836
-0.40987	0.26425
0.26033	0.64774
0.23509	-0.70253
-0.54125	-0.17014
0.61118	0.54557
-0.21671	-0.3641
0.51817	-0.7095
0.24349	-0.88453
0.45544	-0.832
0.57114	0.49698
-0.29295	0.62247
-0.30583	0.29049
-0.50636	0.055664
0.20181	-0.49877
-0.56552	-0.27383
-0.5005	0.031992
0.31421	0.68055
0.63826	-0.35213
-0.6567	-0.28464
0.27315	-0.41324
0.27843	-0.42159
0.31132	-0.74048
-0.3376	0.4917
-0.6957	0.056133
-0.44055	-0.20905
0.36543	-0.17906
-0.46224	0.50591
0.55918	-0.65447
0.58689	0.38947
0.78936	0.59788
0.39164	0.30064
0.5016	0.45517
0.5073	0.67218
0.61823	0.48715
-0.26613	-0.17305
0.12839	-0.57071
-0.16861	0.89482
0.45309	0.22141
0.58712	0.51399
0.4796	0.55271
0.65515	0.48761
-0.34291	0.60906
-0.34912	-0.2282
-0.30869	0.60188
-0.5634	-0.48495
-0.026983	-0.31671
-0.20038	0.5078
0.30462	-0.50027
0.13385	-0.50307
-0.60978	-0.058672
0.037764	0.66586
-0.33903	0.64924
0.67796	-0.37438
-0.50209	-0.19806
-0.058832	0.69642
0.63634	0.61994
0.2912	-0.48292
-0.47879	-0.34587
0.8404	0.41991
-0.14893	0.31123
-0.30134	0.59944
0.29526	-0.23534
0.35876	-0.17912
0.56502	0.23565
0.44356	-0.264
-0.57318	-0.41872
0.46015	-0.54117
-0.58475	0.1199
-0.66297	-0.21914
0.01433	0.43487
0.57366	-0.5174
-0.10933	-0.2719
0.51544	0.35845
0.42388	0.75444
0.22728	-0.56177
0.63683	0.50573
-0.25637	0.66696
0.42074	0.28724
0.55976	-0.68576
0.68881	0.83694
0.42156	-0.30367
0.89572	0.44988
-0.43636	-0.24894
0.34281	-0.60599
-0.4675	-0.2058
-0.48463	-0.26791
-0.5202	-0.10859
0.31867	-0.30201
0.13952	-0.6623
0.25253	0.51887
0.303	-0.51261
-0.0048832	0.71367
-0.58584	0.010765
0.31596	0.23292
0.47767	0.35858
0.010164	0.5136
-0.5548	0.73979
-0.45066	-0.21434
-0.49123	-0.12324
-0.11612	-0.18035
-0.36555	0.61153
-0.28389	0.42171
0.44984	-0.76564
0.03501	-0.4837
-0.52969	-0.30671
0.35281	-0.63023
0.20712	-0.36043
-0.43448	0.72904
0.7624	0.46127
-0.58364	-0.25884
0.26711	-0.46874
0.53362	0.8411
0.15425	-0.54819
-0.55058	0.70289
-0.33516	0.73953
0.69163	0.70497
0.79309	0.48259
-0.36417	0.27623
-0.61305	-0.43803
0.66989	0.4687
0.61622	-0.4881
0.44108	-0.53904
-0.68271	0.015624
0.88111	0.37533
-0.27418	0.53636
-0.26358	0.79592
-0.44286	0.8262
0.31993	-0.43788
0.56304	0.66853
-0.016695	0.69862
-0.119	-0.23578
0.56918	-0.70741
-0.03675	-0.46071
-0.44409	0.10893
-0.49372	0.52296
0.72628	0.43406
0.4389	-0.20891
-0.40713	-0.26709
0.056478	-0.69515
-0.42492	-0.17961
0.19232	-0.52301
-0.32188	0.6226
-0.56725	0.38687
0.38768	0.1903
-0.073248	0.90881
0.34797	-0.38507
0.70051	0.68659
0.6671	-0.53226
-0.78999	0.016372
-0.50875	-0.21621
0.48033	0.7323
0.65469	0.45201
0.27182	-0.24203
0.53291	0.68217
0.389	-0.38414
0.3249	-0.49055
0.044562	-0.70232
0.30595	-0.50682
-0.1588	0.69722
0.55911	0.17298
0.67828	0.40152
0.72205	0.45377
-0.30074	0.60014
-0.28182	-0.17322
-0.62784	-0.51013
-0.31708	0.68801
-0.8874	-0.20296
0.64739	-0.57258
0.011377	-0.26516
-0.77028	-0.35459
0.51279	-0.4728
-0.31251	-0.4627
-0.17674	-0.18359
0.77306	0.45691
0.63262	0.52958
-0.3418	0.67495
-0.16129	0.37734
-0.52203	-0.34072
-0.42597	-0.19096
-0.19534	-0.14307
0.62942	0.48088
0.40729	0.5608
0.27032	-0.10437
-0.43625	0.35821
0.011897	0.74364
0.29965	-0.84233
0.43072	0.71298
0.63739	0.53985
-0.23949	-0.047975
0.047618	0.53679
-0.49612	-0.19832
-0.47516	0.68651
-0.17793	0.3094
0.68288	0.40436
-0.12872	0.62799
0.45262	0.6571
-0.4955	-0.32481
0.33518	-0.50976
-0.17756	0.50433
-0.75717	-0.049192
-0.49587	-0.20799
-0.62736	-0.002436
0.43271	-0.28237
-0.23771	0.73177
-0.46643	0.33653
0.82282	0.47867
-0.48307	0.73855
-0.35946	0.07129
0.66437	0.42789
0.52349	-0.23408
-0.21673	0.58809
-0.49375	-0.30905
-0.26656	0.64672
0.33032	0.59923
-0.60568	0.043602
0.35711	0.4361
0.98617	0.45115
-0.48885	-0.093465
-0.32835	0.69432
-0.021642	-0.26232
0.22585	-0.57156
0.59348	0.47064
0.47937	-0.69059
-0.69335	-0.30781
0.39521	-0.18759
0.3198	-0.5384
-0.45925	-0.13446
0.49772	-0.61634
0.3355	-0.3725
-0.40543	-0.12688
-0.30795	0.61235
-0.73009	-0.041084
-0.26968	0.61605
0.31984	-0.51538
-0.56561	0.017061
0.41566	-0.28488
0.23466	-0.14648
-0.27399	0.59503
-0.24039	-0.13371
-0.097038	0.30274
-0.29767	0.5885
-0.43078	0.80953
-0.1335	0.63107
-0.45561	-0.43325
0.67468	-0.36941
-0.32475	0.012263
0.29454	-0.51196
0.10371	-0.61339
0.77117	0.63352
-0.5272	-0.20108
0.30484	0.6031
-0.49992	-0.19896
-0.38298	0.26756
0.40504	-0.44253
0.38855	-0.52056
0.61695	0.30901
0.30508	-0.45997
0.34251	-0.64581
0.57991	0.48699
0.51994	-0.75259
-0.43457	0.38956
-0.4263	-0.3058
0.72206	0.42049
0.34382	-0.45494
-0.59802	-0.21933
-0.68564	-0.026972
0.44778	-0.42579
0.39769	0.77396
-0.12444	0.69731
0.27272	-0.46127
0.3594	-0.35159
-0.52033	0.37328
0.73415	0.82693
-0.47983	-0.20669
-0.74859	-0.18359
0.16415	-0.86421
0.35955	-0.21002
-0.47249	0.84753
-0.4755	-0.43462
0.22175	-0.12516
-0.26862	0.8589
-0.29869	0.41602
-0.13841	0.55603
-0.30122	0.45807
-0.50375	0.31458
0.075138	-0.47855
-0.19496	0.43623
0.36771	-0.72263
0.61761	0.73126
-0.29611	0.71985
0.57919	0.31886
-0.51713	-0.461
0.31059	0.74163
-0.45614	-0.26316
-0.39384	0.024766
0.64139	0.47891
-0.2104	0.82711
-0.10655	-0.26629
-0.13944	-0.03058
-0.13649	0.40885
0.84234	0.27103
-0.26804	0.1168
-0.54073	0.41747
-0.54255	-0.21089
0.57513	0.42468
-0.17362	0.79394
-0.45875	-0.17735
-0.34463	0.4197
-0.33532	0.59695
-0.33039	-0.034018
0.41844	0.47166
0.24139	-0.47553
-0.10347	0.72469
0.21105	-0.51701
0.66782	0.49087
-0.30401	0.35536
0.69989	0.14524
-0.31989	0.81605
-0.44424	0.57883
-0.29832	0.61269
-0.25078	-0.40637
-0.47145	0.69508
-0.34448	0.74224
-0.70249	-0.20629
-0.25939	0.58194
-0.28792	-0.018007
0.32968	0.61888
0.14165	-0.60293
-0.18938	0.59379
0.025907	0.57999
0.037465	-0.72093
0.39176	0.78066
-0.48704	-0.18605
0.2592	-0.42642
0.64972	0.5495
-0.49829	-0.20847
-0.2265	0.20792
-0.50744	-0.034153
0.022969	-0.45198
0.22062	-0.87103
0.50801	-0.70649
-0.27113	0.6838
-0.61656	-0.31105
0.54989	0.56679
-0.70415	-0.075381
-0.52695	0.91157
-0.52899	-0.30904
-0.37726	0.61777
0.59332	-0.53686
0.50322	0.74889
0.80285	0.27051
-0.50663	0.079654
0.26591	-0.3746
-0.74729	-0.16336
0.013226	0.48275
0.044938	-0.52019
0.6112	0.50157
-0.50132	-0.20464
-0.2285	0.63933
-0.2373	0.6258
-0.64968	-0.54003
-0.10747	0.58004
0.21913	-0.45271
-0.27064	0.51138
-0.19522	0.54187
0.0033719	-0.50746
0.41726	-0.64336
-0.54598	-0.52785
-0.31522	0.61576
-0.30009	0.60008
0.25821	-0.16533
0.63804	0.56285
-0.59687	-0.25687
0.53662	-0.29057
-0.31765	-0.29783
0.295	-0.34911
0.6102	0.38415
0.25789	-0.17916
-0.53941	-0.26296
-0.36956	0.49725
0.30022	-0.50038
-0.41096	0.64695
0.77299	0.35162
-0.28169	0.51444
0.29594	-0.4694
-0.37366	0.98273
0.45587	0.14214
-0.56221	-0.1523
0.68982	0.48886
-0.53788	0.52168
-0.40065	-0.27087
0.65959	0.46937
0.54564	0.22446
-0.26497	0.88986
-0.26752	0.036011
-0.60329	0.45786
0.53608	-0.70354
0.080117	-0.17673
-0.20425	0.93532
-0.553	0.63384
-0.40442	-0.36833
0.090035	0.63432
0.82481	0.19958
-0.019844	0.55154
0.35669	-0.57624
0.64629	0.12185
0.61915	0.57369
-0.5991	-0.57963
0.3092	-0.49356
0.36965	-0.51273
-0.46964	-0.1676
0.5577	-0.61728
-0.24892	-0.26163
0.32345	-0.50628
-0.50242	-0.17311
0.55344	0.56769
-0.58086	0.59195
-0.48113	-0.17251
-0.50771	-0.25291
-0.46638	0.56157
-0.14271	0.79239
-0.56312	-0.26503
-0.60846	-0.040419
0.18337	-0.49624
0.47617	0.5215
0.42058	0.72181
-0.72576	-0.30183
0.65754	0.46094
-0.24236	0.66149
0.18502	-0.14388
-0.49286	0.74265
0.64023	-0.59992
-0.41836	0.47198
-0.54313	0.02473
0.47199	-0.44251
0.60172	0.4986
-0.43582	0.92633
0.10369	-0.41262
-0.51575	0.77505
-0.41099	-0.44071
0.55649	0.28146
0.14271	-0.36521
-0.3888	0.055145
-0.13618	-0.36527
0.32174	0.72184
-0.69616	-0.22875
0.28366	-0.50523
-0.52098	0.16039
-0.4409	-0.26435
-0.33828	0.59756
-0.38323	0.093108
-0.24486	-0.0024139
-0.45418	0.12091
0.64942	0.67501
-0.675	-0.43274
-0.21586	0.60385
-0.64916	0.63542
-0.57527	0.41366
0.23045	-0.31658
-0.21859	-0.39744
0.35469	-0.51001
0.73199	0.86887
0.40137	0.5792
-0.24668	0.6899
0.62809	0.54038
-0.33781	0.45905
-0.50271	-0.19994
-0.12159	0.55817
0.61321	0.15105
-0.35451	-0.41858
0.55315	0.4359
-0.2882	-0.28514
0.36872	-0.7109
-0.35456	0.56695
-0.28474	0.41659
-0.14092	0.65925
0.3942	0.30985
0.67535	0.43608
-0.52238	-0.55606
0.23616	0.65948
0.65934	0.15481
-0.6527	-0.40409
-0.042146	0.41184
0.627	0.489
0.6717	0.54042
0.71721	0.49193
-0.59868	-0.33051
-0.5462	-0.17227
0.29575	-0.47066
0.51135	0.26655
0.59936	-0.24319
0.27607	-0.51352
-0.43692	-0.10472
-0.66346	0.70193
0.30838	-0.42971
0.7301	0.25874
-0.83699	-0.36356
0.53279	0.63146
0.59991	0.23731
0.30264	-0.73622
0.46807	0.53294
-0.50139	-0.18313
0.42096	0.48553
0.22095	-0.57327
-0.39471	0.45899
0.59057	0.52761
-0.46943	-0.3183
-0.54683	-0.25754
-0.28685	0.50714
-0.44977	0.5039
0.39788	-0.50573
0.27153	-0.55071
0.72388	0.643
-0.23309	0.94664
-0.46315	0.16813
-0.16699	0.62101
-0.32655	0.5888
-0.55389	-0.36671
0.6715	0.52594
0.32074	-0.46697
0.26672	-0.47402
-0.34363	0.56162
0.24099	-0.49254
0.59715	0.51138
0.28056	-0.48455
-0.33441	0.50027
0.508	0.22278
0.1399	-0.86079
0.61263	0.51275
-0.65393	0.75621
0.4829	-0.44689
-0.58135	0.81115
-0.36711	0.46427
0.46514	0.60159
-0.61003	0.59605
-0.1379	0.80715
-0.56867	-0.16949
-0.83869	-0.13921
0.88816	0.44786
-0.46786	0.60688
-0.22291	0.69973
-0.18948	0.97319
0.57543	0.49333
-0.86163	-0.23963
-0.32634	0.63327
0.039177	-0.58264
0.29182	-0.60677
0.508	0.66538
0.15369	-0.2923
0.278	-0.45546
0.63036	-0.41266
0.29993	0.34571
0.24734	0.45412
-0.45986	0.071394
-0.0053767	0.50689
-0.50161	-0.18932
-0.64116	-0.20131
-0.31663	0.44608
-0.31317	0.64871
-0.30235	-0.15907
-0.49224	0.5725
-0.1505	0.65
-0.55508	0.13447
0.37205	-0.33117
-0.14334	-0.20531
-0.37585	0.744
0.22276	-0.43657
-0.65621	-0.26661
0.46613	-0.64632
-0.5268	-0.18602
0.65761	0.42704
-0.56016	-0.055718
-0.8459	-0.31548
0.85455	0.43376
-0.5098	-0.23256
0.25741	-0.12494
-0.35247	0.58398
-0.43508	-0.32132
-0.4527	0.54412
-0.47438	-0.21269
0.11736	-0.41721
-0.053654	-0.66082
0.33918	-0.51883
0.050385	-0.66318
-0.50173	-0.19993
-0.52557	-0.15746
-0.56497	0.51181
-0.35816	0.27077
0.41421	-0.81549
0.35281	-0.34346
0.20379	-0.39496
0.2554	-0.63173
-0.036211	-0.4341
0.30105	-0.41723
0.8684	0.49258
0.027959	0.57168
0.29994	-0.50273
0.32502	0.68384
-0.22879	0.50918
0.12765	-0.46852
-0.5044	-0.34908
-0.63578	-0.20978
-0.39126	0.1074
0.6475	0.54392
0.28671	-0.23437
0.30567	-0.55864
-0.19217	0.79712
-0.3022	0.71248
0.41486	-0.84976
-0.1678	0.77916
-0.60016	-0.11003
0.39789	0.37689
0.45397	0.15414
0.8623	0.71685
0.63231	0.5
0.51248	0.51255
0.58155	0.52144
-0.20639	0.57556
-0.039765	0.73527
0.19648	-0.52938
0.063273	-0.63549
0.58047	0.50206
-0.30149	0.59006
-0.7164	0.094898
0.47967	-0.25391
0.38205	-0.44054
0.44815	-0.65697
-0.30731	-0.34947
-0.29871	-0.1744
-0.41527	0.37932
-0.6375	-0.17981
-0.61512	-0.2976
-0.36146	-0.18365
-0.17266	0.72251
0.59749	0.50774
-0.53501	-0.10385
0.31837	-0.45586
-0.079693	-0.45162
0.23818	-0.59006
-0.27809	0.05767
0.27683	-0.53332
0.80938	0.17298
0.38902	-0.62614
-0.45782	0.64485
-0.016348	-0.48448
0.049716	-0.23417
0.47042	0.49355
0.20524	-0.48091
0.31242	-0.49277
0.67602	0.41937
-0.78277	-0.37784
0.71046	0.20476
0.53363	0.61015
-0.62471	-0.26856
0.028881	0.66776
-0.52469	0.82818
0.56994	0.67271
0.6848	0.40131
-0.20492	0.72103
0.31611	-0.5547
0.31037	0.61561
0.396	-0.68083
-0.30075	0.59508
0.96224	0.54827
0.47903	-0.55965
-0.43499	0.070543
-0.40259	0.74802
0.6753	0.72451
0.78304	0.69389
-0.087215	0.85524
-0.49083	-0.28164
-0.30092	0.60194
-0.20208	0.39587
0.64375	0.43846
0.51833	-0.35208
0.61441	0.50488
0.65319	0.28767
-0.082581	0.8062
-0.36835	-0.10279
-0.35967	0.63911
-0.76021	-0.36227
0.2853	-0.48161
0.53283	0.37386
0.66834	0.61701
-0.66764	-0.0043024
0.22537	0.40078
0.70334	0.58819
-0.56321	0.84524
0.23584	-0.39225
-0.035436	0.70313
-0.41666	0.71503
0.29918	-0.41585
0.68196	0.6704
0.73767	0.5794
-0.59009	-0.21317
0.073479	-0.56681
-0.018592	-0.62603
-0.38438	-0.045444
0.42696	-0.82088
-0.081738	0.51736
-0.5002	-0.22264
0.54886	0.41416
0.78699	0.17135
0.30148	0.75315
-0.61234	-0.52119
-0.26803	0.28445
-0.42788	-0.10653
-0.35207	0.73095
0.016636	-0.40636
-0.4954	-0.2649
0.53691	0.82021
0.51419	0.64382
-0.44519	0.52276
0.28709	-0.60352
0.22972	0.48561
-0.62695	0.67607
0.77762	0.67752
0.4688	0.36555
0.26807	-0.78824
-0.26166	0.59631
-0.15835	0.24177
-0.42339	-0.063678
-0.15542	0.48235
-0.55406	0.73031
-0.586	0.027099
-0.34709	0.83769
0.37624	-0.80867
0.36661	0.49608
-0.46601	-0.22598
0.60261	0.49314
-0.50028	-0.19619
-0.66121	0.7228
0.22843	-0.4343
-0.34896	0.83786
0.48826	0.49032
0.63057	0.49156
0.39139	0.20812
0.4729	-0.22911
0.28008	-0.51529
0.5759	0.47086
0.47014	-0.69531
0.52098	0.54764
0.35364	-0.53395
0.070156	-0.68119
0.57313	0.40287
0.506	0.63426
0.56409	0.55238
-0.60634	0.68859
0.92243	0.55869
-0.32088	-0.10125
-0.74783	-0.48642
0.59584	0.61006
-0.55368	0.60048
-0.089205	0.75792
0.25139	-0.48108
0.094267	-0.57924
0.5292	-0.33992
-0.20771	0.32086
-0.30693	0.8722
0.63258	0.46399
0.78854	0.7123
0.1204	-0.59328
0.06058	-0.396
0.51795	0.49742
0.44273	-0.71295
0.22524	-0.32349
-0.58466	0.37947
-0.30586	0.049823
-0.28842	0.53092
-0.46799	-0.015556
-0.52457	0.053698
-0.56151	0.55129
0.19499	-0.54262
-0.27	0.95104
0.40498	-0.33761
-0.7288	-0.050595
-0.53965	0.0036181
-0.24967	0.033429
0.59229	0.82219
-0.61113	-0.26995
0.61968	0.35225
0.17646	-0.66205
-0.289	-0.18564
0.23722	-0.40943
0.3798	-0.2943
-0.29047	0.40061
0.30292	-0.47884
0.32968	-0.54761
0.57952	0.74782
-0.26657	0.46267
-0.17334	0.27229
0.29797	-0.44598
-0.08594	0.84486
0.37696	0.37295
-0.47384	-0.3317
0.29072	-0.51113
-0.51005	0.89677
0.51482	0.41984
0.58915	0.52594
-0.27686	0.58998
0.743	0.66135
0.20835	-0.387
0.58479	0.8699
-0.2416	0.41442
0.20127	-0.37864
0.34552	-0.44708
-0.0048752	0.63841
-0.15989	-0.2546
0.6211	0.55616
0.38786	-0.35791
-0.29874	0.59755
-0.66756	0.53782
-0.42561	-0.14452
-0.3668	-0.0036069
-0.46947	0.61948
0.63953	-0.63316
0.10907	-0.68714
-0.32215	0.63148
0.27726	-0.64908
0.025724	-0.45296
-0.44493	0.83379
0.23067	0.3521
-0.14434	0.28744
0.67263	0.36769
0.35391	-0.60396
0.38165	-0.39511
-0.3488	0.49305
-0.217	-0.28705
0.61335	0.45944
-0.7316	0.048135
-0.51086	0.017665
-0.82039	-0.38079
0.42082	-0.37219
-0.15715	0.42204
0.60544	-0.55856
-0.37811	0.43844
-0.13374	0.47571
-0.38905	0.54585
-0.19294	-0.20049
-0.37852	-0.00039831
0.63366	-0.44753
-0.3863	-0.011022
-0.30751	0.61773
0.28088	-0.52514
-0.68433	0.56593
0.71994	0.55102
0.93049	0.32701
0.38242	-0.11723
-0.49338	-0.20196
0.26989	-0.79209
-0.30977	-0.27473
0.81799	0.48186
0.26821	-0.33822
-0.34371	-0.36452
0.33427	-0.57687
0.53658	0.46169
-0.22644	0.52095
-0.046943	0.41009
0.041564	-0.78542
0.66632	-0.37156
0.26623	-0.35568
0.49263	0.2438
0.57308	0.42008
0.62992	0.46236
-0.62163	-0.051248
0.44085	0.81315
0.28104	-0.48875
0.38076	-0.82448
0.36219	0.26831
0.79523	0.2087
0.088983	-0.80051
-0.3162	0.42424
0.32261	0.64833
-0.28555	0.24005
0.33172	-0.53658
0.30457	-0.53284
0.22942	-0.80801
0.54169	0.5126
-0.20399	0.98565
-0.44869	0.34153
-0.29153	-0.20578
-0.4113	0.90546
0.52857	0.88752
0.62369	-0.47164
0.49721	0.53281
-0.55843	-0.34298
-0.48405	-0.19835
-0.18448	0.61811
-0.30438	0.60067
-0.39562	0.59341
-0.55168	0.5103
-0.34526	0.80965
-0.28725	0.58523
-0.48386	-0.13591
0.22741	-0.67501
0.057698	-0.69514
-0.085733	0.63695
0.71036	0.37827
-0.38264	-0.0088317
0.64734	0.49875
0.065577	-0.47398
0.42071	0.14768
-0.27802	0.46173
0.42049	0.31192
-0.63403	-0.30883
-0.67494	-0.054538
-0.30356	0.57631
-0.22642	0.62734
0.36874	-0.49428
-0.41412	-0.17027
-0.35836	0.65337
-0.53434	0.46002
0.28618	-0.29194
0.23496	-0.81087
-0.6291	0.098374
-0.45619	-0.24907
-0.45983	-0.35583
-0.072398	0.53508
0.53235	-0.3015
0.46456	-0.54097
-0.30455	0.60472
0.64147	-0.61533
0.59714	0.55425
0.45466	0.70052
0.34709	-0.51353
0.66355	0.30316
-0.54078	-0.24904
-0.58346	-0.19615
0.3305	-0.51931
0.4231	-0.66947
-0.2071	0.54867
0.61245	0.40306
0.49804	-0.60836
0.46737	0.55172
0.042437	-0.39059
-0.29868	0.59827
0.3865	-0.57175
-0.4334	0.59429
-0.48889	-0.30067
0.29622	-0.48386
0.3291	0.40161
0.62283	0.57542
0.59106	0.3558
0.25571	0.60748
0.25198	-0.54729
-0.34706	0.70496
-0.52386	-0.017649
0.25898	-0.87945
0.57627	0.44225
0.12489	-0.67783
-0.12747	0.84185
-0.25239	0.72543
-0.2532	0.30083
-0.15765	0.50896
-0.26296	-0.32463
0.61132	0.51799
-0.62555	-0.06465
0.29688	-0.38584
0.47921	-0.32862
0.50624	0.23236
0.18863	-0.51691
-0.3719	-0.43249
-0.27232	0.5434
-0.26527	-0.42568
-0.071893	0.31074
0.38859	-0.55433
0.2674	-0.50483
-0.35472	-0.52892
0.58822	0.50229
-0.31962	-0.4777
0.90375	0.50968
0.60969	0.47974
-0.69291	0.095698
0.61199	0.52689
0.93902	0.31378
0.29714	-0.45073
0.65024	0.35404
-0.31091	0.51271
-0.15489	-0.25616
-0.28501	0.56348
-0.7234	-0.0067255
-0.25673	0.59768
-0.63273	-0.35838
0.28477	-0.48896
-0.32091	0.20813
0.57636	0.65449
-0.036506	-0.28471
-0.66836	0.028873
0.37746	0.72515
0.53992	0.50091
0.011111	-0.32393
0.65773	-0.66991
-0.54601	-0.078039
-0.48335	0.56568
0.5121	0.68114
-0.54397	-0.35537
0.59256	0.57304
0.67088	0.75855
-0.3946	0.022738
-0.018238	0.76642
0.30522	-0.50469
0.41886	0.30442
-0.74524	-0.22229
-0.31381	0.46416
-0.039538	0.73298
0.31078	-0.67108
-0.71068	-0.070007
-0.73876	-0.2697
0.28711	-0.46023
0.26981	-0.59647
0.44158	-0.53487
-0.51741	0.044929
0.85802	0.53429
-0.37891	-0.43016
-0.5522	0.13808
0.99907	0.47334
-0.29853	0.77871
0.41294	-0.21373
-0.43442	-0.36722
0.16376	-0.87498
-0.5668	-0.26358
-0.62545	-0.17513
-0.77213	-0.057334
-0.52536	-0.097244
-0.31943	0.57452
0.29925	-0.70077
-0.29125	0.36295
0.43211	-0.37065
0.81083	0.51618
-0.21178	0.053609
-0.41404	0.10567
0.15092	-0.68839
0.13878	-0.52832
-0.62579	-0.34783
0.12214	-0.55089
0.46616	0.54102
-0.43291	-0.23158
-0.56482	0.14104
0.72161	0.67398
0.39936	-0.31216
0.085493	-0.36528
-0.49573	-0.13357
-0.16965	0.69966
0.30711	-0.56127
0.30612	0.53915
0.44929	0.46046
-0.30055	0.60124
-0.45702	-0.1366
-0.42492	-0.40232
-0.30114	0.74539
0.54784	0.53136
0.41658	-0.38376
-0.56506	-0.49677
-0.2421	-0.36168
0.29332	-0.54319
-0.23921	0.58166
0.31833	0.60992
-0.45577	-0.24649
0.80422	0.40517
0.32754	0.41681
-0.41648	0.51307
-0.19777	0.82491
0.37228	-0.57614
-0.30844	0.58201
-0.77291	-0.070017
0.56344	0.49446
-0.16432	0.89823
0.30748	-0.44122
-0.36847	0.10721
-0.49203	0.50762
0.40994	-0.47442
-0.50214	-0.19968
-0.7179	-0.20566
-0.64071	-0.31981
0.61506	0.47772
0.35351	-0.52626
-0.26398	0.675
0.76869	0.42171
-0.096021	0.84644
-0.52736	-0.33474
-0.33061	0.083404
0.5948	0.47857
-0.54706	0.81426
0.71473	0.52445
0.23851	-0.30298
-0.55235	-0.070277
0.72505	0.48305
-0.32407	0.5315
0.4303	-0.4687
0.52745	0.15583
0.62552	0.51124
0.37529	-0.52612
0.38708	-0.54297
-0.13779	0.7548
0.42906	-0.5116
0.68536	0.55215
0.12025	-0.64834
0.6469	0.49659
0.41493	-0.87232
-0.17437	0.74081
0.55629	0.4624
0.55038	-0.43066
0.61018	0.64104
0.15521	-0.56239
0.19571	-0.47071
-0.56215	-0.13679
-0.76693	-0.22329
0.54964	0.70729
-0.6233	0.017506
0.59361	-0.65122
0.2883	-0.27183
-0.43668	-0.056142
0.56771	0.50488
-0.30234	0.59522
0.63928	0.68449
0.2562	-0.48948
0.77536	0.43084
-0.56102	-0.37944
-0.65286	-0.22386
0.29504	-0.50495
0.24092	-0.23556
-0.36396	0.75533
0.72095	0.36805
0.018908	-0.42869
0.079863	0.58821
-0.40546	0.80336
0.34076	-0.46569
0.448	0.13748
0.52945	0.61276
-0.59975	0.011527
-0.15958	0.94608
0.34874	-0.50096
0.73377	0.74572
0.23795	-0.67733
0.09172	0.55997
-0.77591	0.017329
-0.43821	0.8001
-0.28998	-0.2314
-0.68438	0.5803
-0.5854	0.1438
0.58929	-0.6373
-0.44085	-0.22651
-0.40729	0.68738
0.30346	-0.51882
-0.82132	-0.2154
-0.57169	0.71825
0.48984	-0.70008
0.37853	-0.84819
0.20069	-0.44282
-0.37639	0.60105
0.23939	-0.5127
0.30851	-0.50081
-0.50589	-0.24009
-0.43902	0.47841
-0.1586	0.90951
-0.72813	-0.34578
0.43139	-0.61087
0.41936	-0.36187
0.50259	-0.581
0.5892	0.49963
0.52171	0.36078
0.47135	-0.50154
-0.12662	0.61321
-0.3664	0.68187
0.3224	-0.66331
0.59985	0.49893
-0.07552	0.30369
0.18665	-0.56914
-0.0077044	-0.44974
-0.31396	-0.18489
-0.36388	0.31754
0.53203	0.44792
-0.53509	-0.45818
0.58926	0.50503
0.35168	-0.8006
0.56069	0.82612
0.79806	0.23031
-0.2949	0.61677
-0.43639	0.44237
-0.23234	0.79944
0.53525	0.38585
0.58224	-0.57692
-0.24536	0.51722
0.32278	-0.44657
0.043103	-0.57479
0.2795	-0.46696
-0.00688	0.70275
0.57653	0.51279
-0.36429	0.53658
-0.3115	0.57429
0.53007	0.38381
0.77819	0.50002
-0.29191	0.59583
-0.66458	0.13999
0.36589	-0.3413
0.62438	0.39594
0.98348	0.47918
0.58547	0.40391
-0.033788	0.59947
0.52715	0.64319
-0.54001	-0.21003
-0.32517	0.78752
0.68437	0.45332
0.23344	-0.35882
0.21133	-0.67836
0.44645	0.54108
-0.66838	0.55078
0.49345	0.31753
0.35324	-0.40438
-0.18349	0.03005
0.92321	0.39108
-0.10026	0.61697
0.54597	0.81096
-0.38609	0.57311
0.21738	-0.61852
-0.62003	-0.25047
-0.031346	0.45489
0.42974	0.44973
0.547	0.38416
0.12915	-0.49711
0.25461	0.54107
0.56291	-0.37516
0.31934	-0.50257
0.67734	0.28937
-0.49118	-0.13587
0.78555	0.44638
-0.83319	-0.025168
0.77488	0.50511
0.57256	0.42033
-0.62578	-0.24565
0.37008	0.7333
-0.65175	0.096431
0.35396	0.43182
0.10652	-0.80895
-0.66869	0.68318
0.585	-0.45697
-0.58327	-0.15694
-0.51976	0.76047
-0.44331	-0.24807
0.42674	-0.19203
-0.50769	0.12811
0.59913	0.50662
-0.34442	0.6052
-0.45632	0.1745
0.42324	-0.4908
0.8742	0.26484
-0.53218	-0.20777
-0.32397	0.65752
-0.51463	-0.27632
-0.46036	-0.33821
-0.54201	-0.20896
-0.78572	-0.10548
-0.35932	0.45056
0.3577	0.51312
0.74149	0.50253
-0.37937	0.54136
0.21818	-0.45641
-0.66904	-0.41178
0.27216	0.30561
0.35383	0.66214
-0.11276	-0.14541
-0.53078	0.13453
-0.34505	0.66437
0.27256	-0.5267
-0.71139	-0.32161
-0.49366	-0.19978
0.29572	-0.50086
-0.17819	-0.16158
-0.07533	0.91442
0.13263	-0.45624
0.41574	-0.75683
0.17136	-0.54657
0.31246	-0.50239
-0.40394	0.52896
-0.34298	0.58199
0.57429	-0.64132
-0.2581	-0.2145
-0.68389	0.11654
0.42157	-0.50508
-0.18917	0.8459
-0.23701	0.54303
-0.5819	0.67322
0.28647	-0.45853
0.44839	-0.61
0.79667	0.55483
-0.34421	0.62628
0.55091	0.47873
0.49135	-0.16552
-0.31567	0.55585
0.5994	0.49971
-0.60852	-0.25129
-0.20312	0.85753
0.66858	0.40442
-0.2897	0.0058293
-0.21749	-0.13214
-0.57059	0.882
0.63914	-0.64328
0.56946	-0.50844
-0.62177	0.4872
0.30578	-0.69727
0.12828	-0.55329
0.42705	-0.50618
0.024684	0.43167
-0.39998	0.49767
0.17924	-0.45754
-0.47137	0.68682
0.24057	-0.48452
0.12623	-0.35966
-0.55003	0.29447
0.39934	0.23186
0.0019426	0.83616
-0.4619	-0.24601
-0.076251	0.31317
-0.3864	0.69044
0.27668	-0.53335
-0.80914	-0.43063
0.29899	-0.48241
-0.56438	-0.089197
-0.18298	0.58831
-0.68842	-0.51273
0.50823	0.42017
-0.39796	0.62651
0.60281	0.52894
-0.19618	0.98188
0.51641	-0.21403
0.40934	0.20087
-0.5247	-0.19629
-0.67797	-0.13965
-0.026704	-0.32331
-0.67187	-0.45968
-0.41514	-0.2609
-0.15776	0.75015
-0.092449	0.9074
-0.21067	0.42295
0.6063	-0.45069
0.29288	-0.42981
-0.30498	0.65345
-0.15943	-0.1299
0.55061	-0.62509
0.50212	0.75709
-0.40237	-0.56998
0.42233	-0.54237
0.65933	-0.51091
0.42903	0.40512
-0.52475	0.5028
-0.42201	0.065814
-0.4614	0.3891
-0.37487	-0.19818
0.25299	-0.6568
-0.35488	-0.081008
0.15153	-0.19739
0.21005	-0.24184
0.40913	0.29612
0.28261	-0.50662
-0.49144	0.94801
0.67424	0.51117
0.18201	-0.84817
0.63393	0.70014
0.31956	-0.42567
0.37036	-0.63861
-0.81084	-0.4312
0.66564	0.32005
0.35709	-0.49934
0.53832	0.1767
-0.47129	0.47359
0.18504	-0.72752
-0.65495	-0.22275
-0.3009	0.43412
-0.5072	-0.16584
-0.42967	-0.36941
-0.5491	0.91035
0.42713	0.54243
-0.28309	0.53775
0.23403	-0.53487
0.22822	-0.4775
0.30479	-0.48755
0.47352	0.494
-0.29926	0.59626
-0.60691	-0.37602
0.53008	0.53896
0.7155	0.71475
0.40842	0.17575
-0.3699	-0.40685
0.67214	0.11
-0.88949	-0.15011
-0.4944	0.80979
-0.47496	-0.19264
-0.4655	-0.32232
0.090907	-0.51263
0.9286	0.45581
-0.39258	0.59945
0.29181	-0.51022
-0.75054	-0.10037
0.26837	-0.3297
0.30268	-0.43006
-0.29786	-0.49435
0.85467	0.45187
0.57937	0.51949
0.34686	0.45725
-0.47842	-0.45843
0.57574	0.13076
-0.59457	-0.17436
-0.22548	0.39537
-0.84122	-0.10147
0.38165	-0.66187
-0.4846	-0.48462
0.55035	-0.29617
-0.44886	0.94885
0.080445	-0.48496
0.41247	-0.67523
0.52638	0.22847
-0.13207	0.46271
-0.41913	-0.52382
-0.80131	-0.10125
0.0799	-0.22915
-0.36163	0.91991
-0.64334	0.59568
-0.30844	0.70933
-0.51286	-0.15681
0.28912	0.56955
-0.54628	0.7814
-0.29162	0.58269
0.22862	-0.11301
-0.41214	-0.031582
-0.33673	0.79245
0.47821	0.50958
-0.29552	0.66111
0.35354	0.24132
-0.45306	0.033361
-0.41901	-0.25376
0.31891	-0.69683
0.30696	-0.48839
0.42081	0.2747
-0.12986	0.59894
0.32496	-0.48387
0.069393	-0.32462
0.26172	-0.63744
-0.4632	-0.09503
0.027595	-0.39094
0.75504	0.58777
-0.65102	-0.12005
-0.34954	0.67486
-0.16962	0.87647
-0.5174	-0.017663
0.3574	-0.51035
-0.37712	0.51002
0.68732	0.53141
0.44233	0.59021
0.97996	0.58423
-0.32774	-0.31469
-0.52973	0.15414
0.57311	0.49102
0.48047	0.25405
0.2595	0.42055
0.49476	0.58007
0.16218	-0.45134
0.87462	0.42873
-0.47737	-0.42272
0.51758	-0.5454
-0.20599	0.41344
-0.5097	-0.1945
-0.20762	0.34893
-0.26039	-0.26538
-0.81346	-0.38103
-0.61422	0.72883
0.61463	0.77244
-0.3554	0.61732
0.45896	0.78789
0.1081	-0.29215
-0.42866	0.69555
0.33621	0.40671
0.28858	-0.56537
0.60322	0.49847
-0.56551	-0.17671
0.2971	-0.49635
0.020245	0.47612
0.28749	0.3998
-0.048114	0.63411
0.48452	0.57253
-0.43008	-0.27444
-0.61925	0.10066
0.23078	-0.55334
0.026411	0.72673
-0.32875	0.61107
0.23282	-0.17887
0.81661	0.68821
-0.31768	-0.19845
-0.4632	0.12035
-0.61479	-0.10202
0.84003	0.81866
-0.080465	0.91594
0.62044	-0.33689
-0.067338	-0.43428
-0.4702	-0.13408
-0.31237	0.41008
-0.19987	0.38989
0.54813	0.72251
-0.29889	0.55253
-0.45507	0.87733
-0.4015	-0.090369
0.25254	-0.32046
0.40885	0.50735
-0.29728	0.76493
0.40893	0.35915
-0.45048	0.75475
0.48644	0.3121
0.6444	0.3966
-0.45511	0.24633
-0.60701	-0.40624
0.60526	0.55645
0.35056	-0.4689
0.63678	0.52619
-0.27435	-0.20768
-0.44219	-0.29202
-0.019749	-0.58519
-0.45367	-0.17302
-0.77359	-0.14791
0.3777	-0.61079
0.2346	-0.61074
0.2835	-0.52467
-0.21317	-0.09239
0.012518	0.72141
-0.25511	-0.41277
0.53335	0.56104
0.12863	-0.68958
0.28465	-0.6846
-0.30817	-0.0068401
0.32227	-0.1758
-0.5707	0.037709
-0.095991	0.566
0.32667	-0.53097
-0.40665	-0.30123
0.40207	-0.4598
-0.56941	0.64293
-0.060147	0.62685
0.42458	-0.51438
0.35224	-0.28125
-0.15059	0.862
-0.51728	-0.59786
-0.54724	-0.4157
-0.22877	-0.37407
0.72215	0.21441
0.49251	0.49986
0.38616	-0.49095
0.27049	-0.55014
0.25323	-0.53995
0.32432	-0.54675
0.53953	0.40012
0.73735	0.46219
0.544	0.78117
0.030243	-0.50747
-0.78059	-0.0096827
0.38034	-0.34337
0.02781	-0.50674
-0.54543	-0.22823
-0.4826	-0.14732
0.39012	-0.18163
-0.30357	0.60223
0.46921	0.85728
0.025871	-0.5154
0.53314	0.39478
-0.40292	0.8361
-0.57445	0.69682
-0.4114	-0.25744
-0.80753	-0.17546
-0.48931	0.6855
0.070731	-0.68336
0.069793	-0.36035
-0.42957	0.25282
0.60062	0.49933
0.37175	0.54645
-0.0048459	-0.38726
0.29893	-0.40855
0.47315	-0.39733
-0.62243	-0.30399
0.59026	0.49047
0.69436	0.38921
0.39228	0.30188
-0.60863	-0.29122
-0.56676	-0.087464
-0.69015	-0.17897
0.11947	-0.1497
0.58797	-0.55776
0.85488	0.31539
0.16445	-0.29724
0.5416	0.51188
0.19368	-0.65459
-0.31475	0.81966
0.026495	0.38962
-0.28109	0.6757
0.24861	-0.38657
-0.23676	0.33751
0.40237	-0.49156
0.39464	0.1803
-0.33317	0.92524
-0.49254	-0.40279
-0.40906	0.46761
0.3793	-0.42125
0.55379	-0.35339
0.28938	-0.47784
0.55029	0.60955
-0.36394	0.56716
0.29825	-0.49939
-0.64039	-0.22176
0.48793	0.3541
0.62884	0.4925
0.10463	-0.26634
-0.53413	-0.29957
0.77092	0.74899
0.51389	0.44628
-0.47487	-0.42308
-0.50347	-0.2199
0.60283	-0.57558
-0.37583	0.58638
-0.51751	-0.50828
-0.40683	-0.39736
-0.4231	0.31746
0.54933	0.86512
0.39621	0.32727
0.022637	0.58611
0.88032	0.75024
-0.26981	0.5171
0.341	-0.45864
-0.67096	-0.21264
-0.045143	0.53509
0.60595	0.48542
0.76748	0.55947
-0.5156	-0.20375
-0.5288	-0.18455
0.29775	-0.49848
-0.58122	0.78426
-7.1628e-05	-0.35583
0.35641	0.56381
-0.70099	-0.39078
0.75367	0.55502
0.34029	-0.44819
0.53754	-0.49958
-0.54668	0.32251
-0.37104	0.46298
0.33871	0.60677
0.62821	0.49435
-0.2328	0.61302
-0.84597	-0.33475
0.45462	0.48524
0.3301	-0.79723
-0.29269	0.6513
0.18241	-0.38324
0.81911	0.49356
-0.22512	0.4857
0.41371	-0.52523
0.47321	0.70861
0.90167	0.52391
-0.5519	0.63384
-0.34626	-0.1422
0.79471	0.39461
-0.40471	0.77905
-0.27592	0.049823
-0.27257	0.64213
-0.51125	0.69924
-0.28602	0.62232
0.51138	0.6054
0.28663	-0.40584
0.095821	-0.40137
0.17974	-0.46123
-0.66444	-0.46027
0.53853	0.48538
-0.064639	0.58865
-0.28257	0.75069
0.58197	0.84238
-0.45773	-0.4132
0.24781	-0.29245
0.36437	0.49246
-0.015631	-0.47481
0.57448	0.49707
0.65077	0.85632
0.2394	-0.57724
-0.48259	0.29333
0.32301	-0.63768
-0.59911	-0.56511
-0.074018	0.57145
-0.59727	-0.44929
0.53744	0.53159
-0.56494	-0.3029
-0.16356	-0.12434
-0.61771	0.029465
-0.45504	-0.22122
-0.46656	0.15987
0.18735	-0.26242
-0.203	0.96809
-0.19583	0.2348
-0.25576	0.35887
-0.63246	0.64305
0.057461	-0.54545
0.58931	-0.55937
-0.47957	-0.19855
-0.37718	-0.43004
-0.499	-0.0045673
0.65211	0.14716
0.49494	-0.56098
-0.3951	0.82532
-0.38203	0.54979
-0.53396	-0.097623
-0.30699	0.60639
0.29346	-0.39927
-0.077484	-0.59763
0.0073826	0.73665
0.28619	0.55135
-0.5528	0.71232
-0.55427	-0.29463
-0.51136	-0.12431
0.42601	0.58657
-0.40471	-0.31911
-0.55831	-0.22571
-0.054065	-0.62164
0.60328	0.66541
-0.36357	0.59531
0.4111	-0.39222
0.47674	0.3967
0.23843	-0.55595
0.61922	0.4503
-0.33539	-0.11702
-0.57178	-0.20687
-0.68634	0.033388
-0.45492	0.75151
-0.26989	0.54157
-0.33186	0.6749
-0.3257	0.98345
-0.5882	-0.018312
0.50032	0.72321
-0.34376	0.79932
-0.42186	-0.083748
0.58321	0.54731
-0.343	0.66921
-0.75473	-0.31844
-0.599	0.49865
0.019824	0.72404
0.5522	0.536
-0.34693	-0.19282
-0.26464	0.53629
0.95899	0.59843
-0.31017	0.56679
-0.26395	0.87734
-0.22354	0.026813
0.66231	0.53293
0.13026	-0.70842
0.41655	-0.45226
0.68619	0.19806
-0.085086	0.88913
0.27918	-0.43215
-0.63765	0.44624
-0.42328	-0.51935
0.23553	-0.2277
-0.34553	0.014659
-0.77121	-0.42545
-0.013974	-0.31033
-0.24104	0.65562
-0.47672	-0.16027
-0.69403	-0.35019
-0.24664	0.7681
0.083643	-0.19628
-0.11434	0.36176
-0.44462	0.24269
0.14379	-0.3406
-0.08605	0.88035
0.35723	0.36338
0.259	-0.44253
-0.30466	0.71966
-0.51217	-0.24403
0.42561	0.67185
-0.21099	-0.1222
-0.77079	-0.13813
-0.29207	0.60561
-0.28747	0.60659
0.64593	-0.34356
-0.46783	-0.18467
0.42364	-0.59418
0.64888	0.28452
-0.43435	0.38475
-0.55408	-0.082424
-0.21075	0.53255
-0.74999	-0.43737
0.31887	-0.41807
0.52285	0.20987
-0.19015	0.36306
0.19983	-0.36664
-0.22721	0.57249
0.62688	0.53584
0.56734	0.44777
0.00023373	-0.29532
-0.38964	-0.30402
-0.50068	-0.22808
0.68371	-0.4036
-0.41471	-0.56649
-0.24223	0.3869
-0.54188	-0.17164
-0.78875	-0.31981
0.53268	0.52615
-0.009141	-0.70603
0.73906	0.58355
0.52317	0.2618
-0.41958	-0.060199
-0.68224	-0.28979
0.24963	-0.28646
0.66018	0.18202
-0.60971	0.75016
0.24593	-0.4387
0.63108	0.47988
-0.24663	0.51514
0.66874	0.6632
-0.5374	0.78701
-0.30332	-0.04512
0.79896	0.44604
-0.4888	0.93905
0.25322	-0.48728
0.058529	-0.4865
0.62035	0.16661
-0.43985	-0.40577
-0.19093	0.55417
-0.63445	-0.044489
0.33263	0.34167
-0.4715	-0.27289
-0.35315	0.60877
0.43577	-0.70002
-0.29523	0.60287
0.21535	-0.25724
-0.49249	-0.0156
-0.15524	0.34024
-0.41356	0.23294
0.5347	0.25159
-0.44522	0.65863
0.9164	0.49311
-0.027793	-0.32356
-0.69885	-0.03642
-0.33677	0.55178
0.59155	0.57819
0.58112	0.36726
0.50659	0.30148
-0.098154	0.44159
0.29388	-0.50327
0.25745	-0.78815
-0.2471	0.57835
0.62263	0.49285
-0.30645	0.60637
-0.39027	-0.16776
-0.2518	0.031885
0.75737	0.31312
0.30051	-0.4994
0.75135	0.24633
0.29379	0.52839
0.044333	0.67794
-0.30155	0.69283
0.40607	-0.68469
0.1556	-0.8702
-0.45326	-0.18411
-0.14059	0.6443
0.3435	-0.49562
-0.10552	0.35755
0.64765	0.5115
-0.073547	0.586
-0.24387	0.65616
-0.34935	0.84723
-0.51938	-0.078565
-0.29552	0.61725
-0.56356	-0.59195
0.39619	-0.75302
0.0045223	-0.76939
0.73028	0.17647
-0.36316	-0.065708
-0.0091058	-0.56753
-0.40533	-0.18076
0.30247	-0.43762
0.59726	0.86901
-0.50191	-0.15938
-0.24192	-0.31675
-0.47547	-0.12453
0.21245	-0.85157
-0.34325	0.87855
-0.53618	-0.061477
-0.54516	0.28683
-0.52181	0.6215
-0.35109	0.59938
0.4047	-0.39947
0.71588	0.64837
0.58668	-0.42356
0.65588	0.50515
0.26476	-0.19578
-0.49999	-0.20113
-0.38653	0.47741
-0.67856	0.57978
0.88501	0.34812
0.1622	-0.85926
-0.2882	0.45996
0.59026	0.49343
-0.52157	-0.21974
-0.44863	-0.13849
0.29849	-0.49773
0.34024	-0.64215
0.92534	0.3875
0.37904	-0.60419
0.069407	-0.57324
0.2565	-0.71396
0.4645	0.60773
-0.22636	0.062384
-0.37029	-0.49464
-0.32816	0.93568
-0.48112	0.55754
0.31829	-0.50111
-0.43246	0.73606
-0.28339	0.6078
-0.29143	0.67861
0.83673	0.54384
0.19625	-0.64161
-0.30377	0.52712
0.7931	0.73168
-0.29991	0.75561
-0.10422	0.47048
-0.68604	0.54476
0.11711	-0.40381
0.30275	-0.33626
0.7209	0.26345
0.85293	0.58656
-0.52501	-0.48842
0.43085	0.73985
0.5783	0.44341
-0.30814	-0.34953
0.44664	0.28821
0.37809	-0.39427
0.14143	-0.53189
-0.39297	-0.13718
-0.34203	0.97745
0.41578	-0.65337
-0.8117	-0.35155
-0.48931	0.54588
-0.44299	-0.37475
0.64471	0.49747
0.20891	-0.30972
-0.49792	-0.21539
-0.41434	-0.18359
-0.32467	-0.19709
0.74432	0.46812
-0.41342	0.49353
0.040078	-0.66109
-0.21406	0.22413
0.49589	0.58508
-0.32135	0.584
0.60751	0.6088
-0.54386	-0.054554
0.39424	-0.7665
-0.03514	-0.3043
-0.64021	-0.077311
0.62825	0.56899
0.23832	-0.5437
-0.38356	0.68121
-0.5074	-0.235
-0.092942	-0.51927
-0.28118	0.50398
-0.48154	0.44167
-0.27271	0.71544
-0.34771	0.62055
0.53282	-0.81685
-0.49294	-0.20131
-0.30237	0.52477
0.70924	0.47731
-0.454	-0.14589
-0.48098	-0.031865
0.19236	-0.87607
-0.00854	0.76059
-0.42496	0.43669
-0.48995	-0.54582
-0.66045	-0.23732
-0.35343	-0.55309
-0.45934	0.011722
0.54644	0.61505
0.38053	0.7316
-0.17694	0.6523
0.216	-0.3435
-0.40601	0.30909
-0.43272	-0.10217
0.21464	-0.52908
0.43979	-0.38824
-0.85206	-0.29258
-0.32773	0.13832
-0.64647	-0.50781
-0.28173	-0.24869
-0.28894	0.87788
0.28772	-0.61395
-0.43791	-0.1517
0.60529	-0.43204
-0.52588	-0.12474
-0.56696	0.55036
0.43005	0.7779
-0.52591	-0.043942
0.60908	0.52131
0.77883	0.53266
0.90053	0.73681
0.62609	0.56815
-0.56705	0.81656
-0.52344	-0.1559
-0.36188	-0.40027
0.81952	0.69871
-0.14125	-0.36244
-0.49528	0.32996
0.17367	-0.75778
-0.44592	-0.11385
0.81854	0.70486
0.16346	-0.65241
-0.47229	0.86926
-0.36133	-0.32074
-0.50354	-0.24988
0.86879	0.52477
-0.46718	-0.11739
0.36386	-0.16993
-0.48174	0.91403
0.13933	-0.78936
-0.26279	0.69446
0.046373	-0.67076
-0.40938	-0.41799
-0.42223	-0.25414
-0.51812	-0.2589
0.59702	0.51094
-0.38101	0.15663
0.13855	-0.53108
0.33804	-0.4542
-0.40237	-0.16539
0.71521	0.59968
-0.11488	0.55481
0.97837	0.46555
-0.48071	-0.3825
0.84149	0.25769
0.65943	0.61433
0.45132	-0.7925
0.070948	0.52468
0.74883	0.27433
-0.49476	-0.20265
-0.074889	0.56571
0.28101	-0.2004
-0.50248	0.011381
0.91724	0.31852
0.30619	-0.51048
-0.52465	-0.19635
0.018474	-0.54625
-0.032916	0.59087
0.68795	0.4449
-0.10116	0.39723
0.014608	0.43654
0.61259	0.51487
-0.27992	-0.18234
-0.30086	0.52795
-0.75765	-0.12608
0.34598	0.46628
-0.42618	-0.2736
0.6609	0.43152
0.93163	0.51395
-0.28928	0.70895
0.61023	0.68491
0.8134	0.69679
0.25359	0.68954
-0.58707	-0.19694
0.28391	-0.39791
-0.25793	0.65068
0.49321	0.68011
-0.0077064	-0.24705
0.85817	0.68137
0.35773	-0.79206
-0.43927	0.11034
-0.50539	0.50809
0.47659	-0.25536
0.82916	0.73838
0.49401	0.86768
0.8791	0.70615
0.59465	0.58861
-0.092627	0.55231
-0.5236	-0.21082
-0.32105	0.53722
0.48566	0.41981
0.69743	0.4953
-0.77611	-0.24393
-0.536	0.27953
0.25804	-0.10226
0.30069	-0.50202
0.44282	0.5822
0.58696	-0.64005
0.43026	0.25544
-0.55135	-0.13416
0.94367	0.43191
0.1795	-0.66241
-0.29096	0.99398
-0.26306	0.71332
0.57698	0.67919
0.57802	0.47089
0.95043	0.546
0.55062	0.72464
-0.33865	0.53784
0.25746	-0.59437
0.49796	0.40519
-0.15157	0.45357
-0.60655	0.77497
-0.62238	0.075
0.74804	0.68684
-0.41562	0.46463
0.48881	-0.38958
0.60794	0.52035
-0.20856	0.22503
0.53062	0.86905
0.30773	0.49912
0.44115	-0.534
-0.10494	0.87848
-0.60117	-0.13804
-0.40669	-0.27655
0.53334	0.57387
-0.47241	0.10685
0.50299	0.35929
-0.50065	-0.18809
0.48126	0.63788
0.29597	-0.51067
0.55246	0.81777
-0.30286	0.59929
-0.039436	0.83709
0.62232	0.45937
-0.30673	0.74246
-0.59742	0.72827
0.26974	0.27519
-0.38387	-0.5028
0.78439	0.84565
-0.53205	0.62545
0.35944	-0.88428
0.68419	0.38651
-0.28362	-0.22209
-0.38088	-0.24737
-0.42434	-0.15338
0.65283	0.84947
-0.28325	0.58473
-0.15207	-0.31221
-0.31175	0.24107
0.16633	-0.44858
-0.41303	0.73508
0.67253	0.79816
-0.10223	0.79139
-0.54487	-0.072995
0.66316	0.36507
0.19713	-0.37123
0.32395	-0.64203
-0.31196	0.60897
0.61123	0.5047
-0.49992	-0.19986
-0.53965	-0.091634
-0.60085	-0.064722
-0.66331	-0.45054
0.28687	-0.46785
-0.48391	-0.09629
-0.43644	0.68468
-0.40575	-0.29878
-0.47029	-0.20905
0.14673	-0.76383
-0.28619	-0.32746
0.072945	-0.57629
0.44924	0.62458
0.42003	-0.83927
-0.22371	0.41499
-0.46826	-0.17404
-0.37365	-0.0079654
0.19913	-0.17278
-0.12386	-0.2118
-0.28504	-0.030117
-0.37087	-0.18526
-0.50717	-0.15892
0.40375	0.47897
0.63046	0.50219
0.61404	0.4627
0.62974	-0.65375
0.24972	0.52235
-0.28162	0.52246
0.57278	0.53007
0.29732	0.53482
0.22896	-0.51192
-0.37451	-0.24784
0.23968	-0.44744
-0.28699	-0.51818
0.30737	-0.43348
-0.55977	0.073365
-0.32743	0.55578
0.71955	0.68338
0.58636	0.51257
0.63332	0.44672
0.3015	-0.50137
0.41831	0.47059
-0.41691	0.4633
0.27069	-0.51799
0.48994	0.3549
0.29952	-0.50029
-0.11678	0.60788
-0.20592	0.58903
-0.39535	-0.043089
0.29766	-0.50105
-0.30324	-0.2247
